0
0
0
0
0
0
0
0
0
0
0
0
0
0
0
1
0
2
0
2
0
4
4
5
4
3
3
4
13
9
14
15
18
16
22
23
39
40
42
53
57
52
88
96
112
125
139
149
157
202
225
282
311
355
400
469
489
583
651
749
847
870
992
1104
1246
1359
1536
1662
1968
2058
2279
2484
2733
2993
3294
3658
3879
4364
4677
5172
5437
5998
6473
7055
7466
8009
8471
9357
10115
10643
11313
11793
12559
12926
13459
13751
14826
14814
15229
15668
53151
15754
15340
14724
14721
14069
13210
13036
12529
11498
11103
10146
9765
8922
8291
7822
7275
6575
6256
5878
5364
4920
4586
4228
3742
3486
3261
2869
2601
2456
2159
2069
1769
1611
1502
1199
1122
1030
927
835
734
713
589
521
469
388
350
306
260
260
218
201
176
168
103
96
77
91
72
58
70
36
35
34
42
34
19
27
8
19
11
4
7
6
8
4
3
4
0
2
0
0
0
0
0
0
0
0
0
0
0
0
0
0
0
0
0
0
0
0
0
