0
0
0
0
0
0
0
0
0
0
0
0
0
0
0
0
0
0
0
0
0
0
1
4
1
4
1
3
3
7
6
5
9
24
10
16
21
28
28
37
62
63
68
80
87
87
109
114
114
158
188
211
244
252
313
366
393
479
554
606
679
770
884
968
1104
1258
1404
1540
1677
1836
2060
2300
2558
2786
3028
3410
3791
4105
4444
4836
5523
5746
6365
6830
7467
7964
8706
9411
10144
10761
11307
12284
12816
13436
13731
14416
15090
15323
15927
16174
52659
16296
15485
15185
14732
14300
13703
13223
12361
11816
11125
10669
9971
9430
8672
8080
7493
6938
6333
5717
5300
4910
4570
4038
3654
3501
3038
2747
2524
2156
2023
1831
1627
1465
1338
1173
973
899
809
750
680
568
483
516
425
397
345
300
277
265
167
148
119
125
70
98
78
60
44
48
38
29
25
16
17
14
10
8
6
15
9
8
4
6
3
7
5
2
5
4
3
1
1
3
1
6
0
0
0
0
0
0
0
0
0
0
0
0
0
0
0
