1
3
1
1
1
2
7
8
7
13
21
19
29
36
69
46
66
53
61
76
116
123
145
178
242
198
328
370
445
498
676
740
628
1157
1010
1202
1162
1793
1639
1384
3153
2508
2959
3617
3680
4268
4641
5297
5852
6480
6968
7962
6825
11371
8016
13653
12211
12042
13215
17045
15863
16895
16655
14728
23142
18269
52062
17843
22629
14351
16132
16709
15586
16739
12998
11935
12059
13299
8036
10801
6475
7511
6854
6110
5623
4943
4511
4012
3539
3414
2899
2477
2973
1377
1512
1782
1071
1189
1042
1118
613
700
640
466
432
357
353
262
203
181
155
131
115
72
58
58
58
52
51
31
11
20
14
9
12
3
9
4
4
6
3
7
4
4
1
1
1
1
1
2
3
