0
0
0
0
0
0
0
0
0
0
0
0
0
0
0
0
0
0
0
0
0
0
0
0
0
0
0
0
0
0
0
0
0
0
0
0
0
0
0
0
0
0
0
0
0
0
0
0
0
0
0
0
0
0
0
0
0
0
0
0
0
0
0
0
0
0
0
0
0
0
0
0
0
0
0
0
0
0
0
0
0
0
0
0
0
0
0
0
0
0
0
0
0
0
0
0
0
0
0
0
0
0
0
0
0
0
0
0
0
0
0
0
0
0
0
0
0
0
0
0
0
0
0
0
0
0
0
0
0
0
0
0
0
0
0
0
0
0
0
0
0
0
0
0
0
0
0
0
0
0
0
0
0
0
0
0
0
0
0
0
0
0
0
0
0
0
0
0
0
0
0
0
0
0
0
0
0
0
0
0
0
0
0
0
0
1
0
0
0
0
0
0
0
0
0
0
0
0
0
0
0
0
0
0
1
0
0
0
0
0
0
0
0
0
0
0
0
0
0
0
1
0
1
0
0
0
0
0
0
1
0
0
0
0
0
0
0
0
0
0
0
0
0
0
0
0
0
0
0
0
0
0
1
0
1
0
0
0
0
0
0
0
0
0
0
0
0
1
0
0
0
0
0
0
0
0
0
0
0
0
0
0
0
0
0
0
0
0
0
1
0
0
0
0
0
0
1
1
0
0
1
0
0
0
0
0
0
0
0
1
0
1
0
0
1
0
0
0
0
0
1
0
0
0
2
0
0
0
0
0
0
0
1
0
0
0
0
1
1
0
0
0
1
1
0
0
0
1
0
2
1
0
0
0
0
0
2
1
1
0
2
0
0
0
2
0
0
0
0
0
1
2
1
0
0
0
0
0
1
0
1
0
0
0
1
0
0
0
2
1
0
0
0
0
0
0
0
0
1
1
2
0
1
2
0
0
1
1
0
0
2
1
2
2
0
1
1
0
3
0
0
0
2
1
0
1
2
1
2
1
0
0
0
0
2
1
3
1
2
5
2
2
4
1
1
0
2
0
1
3
2
1
0
6
1
2
0
1
4
2
1
0
1
1
2
0
1
3
1
2
0
1
2
2
3
1
1
1
3
0
1
4
4
0
2
2
4
2
1
1
2
0
2
2
3
2
6
5
3
5
2
4
1
1
3
0
1
2
0
1
2
1
1
2
1
4
2
2
0
3
4
6
8
1
7
2
5
4
6
3
4
7
5
2
2
4
5
2
3
5
6
7
3
2
7
5
5
5
8
3
8
5
4
5
3
3
7
6
4
4
7
9
7
4
3
6
7
7
8
9
6
4
6
7
5
7
7
9
8
3
6
8
5
5
4
6
6
9
9
13
9
6
9
9
9
6
18
10
6
12
7
7
13
15
8
15
13
13
9
12
13
15
16
13
15
12
13
17
15
14
14
13
15
14
14
16
15
12
12
24
13
14
22
16
22
17
15
17
23
21
20
24
19
19
19
13
33
21
29
37
18
19
27
20
26
26
37
25
29
35
25
20
27
29
41
43
41
37
38
41
24
33
45
35
36
35
35
37
50
27
43
38
43
39
43
46
45
58
44
51
42
50
49
61
53
55
50
42
54
47
48
56
45
63
55
46
57
53
58
58
72
57
56
60
73
68
68
80
61
65
69
76
62
68
78
95
92
83
71
80
98
93
87
86
98
72
94
81
94
97
104
86
92
97
103
114
111
104
108
119
123
116
120
114
128
107
134
125
116
120
144
124
142
133
151
142
144
148
146
133
149
159
141
171
172
159
197
166
166
180
194
213
167
192
219
219
187
191
193
211
210
212
213
212
248
225
216
262
246
239
240
272
238
262
230
252
261
266
277
303
279
314
307
284
315
332
312
301
325
324
319
306
327
322
363
325
367
391
370
362
337
351
396
412
404
387
431
453
435
433
444
416
454
462
505
510
505
468
503
456
486
504
503
516
518
516
534
560
564
617
575
563
616
555
576
645
623
650
593
625
676
692
692
684
695
708
737
697
749
787
802
795
712
847
772
803
807
807
826
883
837
911
905
953
916
1009
1041
1007
1052
1030
1008
1098
1093
1155
1090
1203
1154
1134
1231
1252
1277
1296
1246
1332
1314
1393
1368
1424
1430
1404
1367
1531
1475
1601
1628
1557
1691
1668
1652
1706
1904
1870
1925
1817
1969
2019
1993
2099
2086
2022
2157
2159
2089
2147
2295
2265
2280
2260
2412
2487
2464
2621
2478
2516
2660
2586
2764
2869
2923
2819
2995
2940
2981
2899
3159
3035
3204
3232
3323
3411
3356
3497
3615
3645
3755
3664
3607
3804
3815
3841
3931
3851
3945
4026
4198
3937
4129
4005
4062
4066
4317
4437
4393
4363
4141
4417
4506
4485
4364
5940
25190
4752
4062
4187
4418
4260
4067
4105
4159
3893
4016
3889
4121
3936
3841
3649
3769
3858
3830
3718
3768
3621
3540
3559
3262
3458
3358
3265
3142
3121
3000
3130
2938
2971
2822
2923
2852
2601
2744
2551
2412
2419
2433
2439
2293
2155
2293
2151
2163
2169
2005
2099
2027
1844
1956
1841
1802
1830
1730
1771
1736
1718
1646
1645
1670
1658
1566
1461
1508
1593
1444
1402
1363
1445
1371
1334
1306
1198
1280
1269
1233
1221
1237
1241
1118
1148
1112
1107
1032
1108
1027
1025
1028
908
988
920
955
902
896
858
947
819
897
856
825
783
835
807
816
729
714
757
773
694
699
697
715
669
636
670
740
604
581
589
632
612
607
536
582
586
515
544
520
532
524
537
509
515
493
487
438
441
445
443
409
396
430
421
380
427
405
425
409
385
370
371
380
319
364
383
359
327
348
338
347
309
299
323
326
308
286
328
301
292
295
298
269
239
249
250
275
236
218
257
272
264
254
211
252
232
209
197
199
193
187
209
222
211
183
213
186
182
182
172
210
162
187
150
198
160
171
174
153
134
155
183
145
170
157
141
132
144
137
138
121
128
124
135
122
111
108
107
124
118
118
121
98
102
117
97
103
77
111
117
101
109
112
89
99
94
83
85
89
96
80
68
63
63
69
76
73
91
71
76
67
65
66
58
64
61
65
83
73
55
39
54
58
54
58
54
42
64
53
48
58
51
51
36
49
47
46
51
40
41
43
43
41
43
42
45
29
31
56
23
27
40
32
41
26
25
32
28
25
35
36
33
31
24
26
28
28
24
30
29
39
24
23
33
36
20
20
28
17
22
30
26
25
20
17
19
11
17
12
21
23
22
27
18
19
20
14
12
20
25
19
18
12
18
15
15
13
22
12
16
18
11
17
7
19
10
14
11
14
10
14
14
10
11
11
13
8
12
7
14
11
11
15
11
5
6
12
7
13
9
11
6
11
6
8
8
11
9
5
9
7
6
6
4
7
11
13
9
6
4
8
6
6
4
7
9
9
3
6
8
8
3
12
2
6
8
4
2
8
12
3
2
3
3
8
3
2
7
5
1
9
4
6
5
2
4
3
4
3
3
3
1
6
0
4
3
2
2
1
5
4
3
1
3
2
4
2
0
3
5
2
4
4
3
2
4
1
2
2
2
3
1
6
2
7
0
2
1
1
2
1
3
3
6
0
4
3
3
2
1
0
2
2
2
0
4
2
3
0
1
2
0
1
2
1
0
5
0
2
0
2
4
1
0
0
1
3
0
2
2
3
0
0
0
2
1
1
1
2
4
0
0
1
0
4
0
2
1
2
0
1
2
3
1
0
0
1
2
3
1
0
3
2
0
0
0
0
1
0
0
0
4
0
0
0
0
3
0
0
0
2
0
1
1
1
2
0
0
0
0
0
0
2
0
1
0
0
0
0
2
0
0
0
4
0
0
2
0
1
0
0
2
2
1
0
1
1
0
0
0
0
0
2
0
0
0
1
0
0
1
1
1
0
1
0
0
0
0
0
0
1
0
0
0
2
0
0
0
0
0
0
0
0
0
0
0
0
1
2
0
0
0
0
0
0
0
1
0
1
0
0
0
0
0
0
0
0
1
0
0
0
0
0
0
0
1
0
0
0
0
0
0
0
0
0
0
0
0
0
0
1
0
0
0
0
0
0
0
0
1
0
0
0
0
0
0
0
0
0
0
0
0
0
0
0
0
0
1
0
0
0
0
0
0
0
0
1
0
0
0
0
0
0
0
0
0
0
0
0
0
0
0
0
0
0
0
0
0
0
0
0
0
0
0
0
0
0
0
0
0
0
0
0
0
0
0
1
0
0
0
0
0
1
0
0
0
0
0
0
0
0
0
0
0
0
0
0
0
0
0
0
0
0
0
0
0
0
0
0
0
0
0
0
0
0
0
0
0
0
0
0
0
0
0
0
0
0
0
0
0
0
0
0
0
0
0
0
0
0
0
0
0
0
0
0
0
0
0
0
0
0
0
0
0
0
0
0
0
0
0
0
0
0
0
0
0
0
0
0
0
0
0
0
0
0
0
0
0
0
0
0
0
0
0
0
0
0
0
0
0
0
0
1
0
0
0
0
0
0
0
0
0
0
0
0
0
0
0
0
0
0
0
0
0
0
0
0
0
0
0
0
0
0
0
0
0
0
0
0
0
0
0
0
0
0
0
0
0
0
0
0
0
0
0
0
0
0
0
0
0
0
0
0
0
0
0
0
0
0
0
0
0
0
0
0
0
0
0
0
0
0
0
0
0
0
0
0
0
0
0
0
0
0
0
0
0
0
0
0
0
0
0
0
0
0
0
0
