0
0
0
0
0
0
0
0
0
0
0
0
0
0
0
0
0
0
0
0
0
0
0
0
0
0
0
0
0
0
0
0
0
0
0
0
0
0
0
0
0
0
0
0
0
0
0
0
0
0
0
0
0
0
0
0
0
1
1
2
1
8
15
31
40
41
46
56
68
77
92
113
141
194
208
256
303
398
542
686
870
1090
1492
1922
2482
3061
3861
4656
5942
7484
9180
11811
15529
18364
21175
24367
28465
33384
38938
50284
94329
48121
34686
27624
23872
20446
17408
14890
13123
11804
10068
8416
6651
5430
4455
3434
2782
2392
1929
1535
1300
998
760
608
479
389
388
261
209
159
135
126
104
72
68
70
30
31
38
27
24
11
11
5
8
2
2
0
1
0
0
0
0
0
0
0
0
0
0
0
0
0
0
0
0
0
0
0
0
0
0
0
0
0
0
0
0
0
0
0
0
0
0
0
0
0
0
0
0
0
0
0
0
0
0
0
0
0
0
0
0
