0
0
0
0
0
0
0
0
0
0
0
0
0
0
0
0
0
0
0
0
0
0
0
0
0
0
0
0
0
0
0
0
0
0
0
0
0
0
0
0
0
0
0
0
0
0
0
0
0
0
0
0
0
0
0
0
0
0
0
0
0
0
0
0
0
0
0
0
0
0
0
0
0
0
0
0
0
0
0
0
0
0
0
0
0
0
0
0
0
0
0
0
0
0
0
0
0
0
0
0
0
0
0
0
0
0
0
0
0
0
0
0
0
0
0
0
0
0
0
0
0
0
0
0
0
0
0
0
0
0
0
0
0
0
0
0
0
0
0
0
0
0
0
0
0
0
0
0
0
0
0
0
0
0
0
0
0
0
0
0
0
0
0
0
0
0
0
0
0
0
0
0
0
0
0
0
0
0
0
0
0
0
0
0
0
0
0
0
0
0
0
0
0
0
0
0
0
0
0
0
0
0
0
0
0
0
0
0
0
0
0
0
0
0
0
0
0
0
0
0
0
0
0
0
0
0
0
0
0
0
0
0
0
0
0
0
0
0
0
0
0
0
0
0
0
0
0
0
0
0
0
0
0
0
0
0
0
0
0
0
0
0
0
0
0
0
0
0
0
0
0
0
0
0
0
0
0
0
0
0
0
0
0
0
0
0
0
0
0
0
0
0
0
0
0
0
0
0
0
0
0
0
0
0
0
0
0
0
0
0
0
0
0
0
0
0
0
0
0
0
0
0
0
0
0
0
0
0
0
0
0
0
0
0
0
0
0
0
0
0
0
0
0
0
0
0
0
0
0
0
0
0
0
0
0
0
0
0
0
0
0
0
0
0
0
0
0
0
0
0
0
0
0
0
0
0
0
0
0
0
0
0
0
0
0
0
0
0
0
0
0
0
0
0
0
0
0
0
0
0
0
0
0
0
0
0
0
0
0
0
0
0
0
0
0
0
0
0
0
0
0
0
0
0
0
0
0
0
0
0
0
0
0
0
0
0
0
0
0
0
0
0
0
0
0
0
0
0
0
0
0
0
0
0
0
0
0
0
0
0
0
0
0
0
0
0
0
0
0
0
0
0
0
0
0
0
0
0
0
0
0
0
0
0
0
0
0
0
0
0
0
0
0
0
0
0
0
0
0
0
0
0
0
1
0
0
0
0
0
0
0
0
0
0
0
0
0
0
0
0
0
0
0
0
0
0
0
0
0
0
0
1
0
0
0
0
0
0
0
0
0
0
1
1
0
0
0
2
0
0
0
0
0
0
0
0
0
0
0
0
0
0
0
0
0
0
0
0
0
0
0
0
1
0
0
1
1
0
0
0
1
0
0
0
0
0
0
0
0
0
0
0
0
0
1
0
0
0
0
0
0
0
0
0
0
0
1
0
0
0
1
1
1
1
0
1
0
0
0
1
0
2
0
0
1
0
1
0
2
0
1
0
0
0
1
0
1
1
1
0
1
1
1
1
0
0
0
4
2
2
1
1
2
0
0
0
4
2
0
4
0
0
3
0
1
0
0
2
2
1
3
1
6
2
2
3
0
6
3
5
4
2
2
2
2
3
1
3
3
4
5
2
0
1
5
5
3
4
2
6
4
3
5
2
2
7
6
6
5
6
5
6
2
8
9
3
5
4
7
6
5
6
12
5
3
5
9
6
6
14
6
12
9
6
3
9
15
13
16
14
11
7
12
12
6
20
6
20
12
17
11
10
20
7
25
18
21
13
19
19
16
30
23
21
23
16
29
18
20
26
30
31
18
29
33
46
34
37
45
44
31
30
51
45
44
53
37
31
43
55
51
55
54
61
42
47
70
51
62
68
71
57
38
74
74
83
81
75
83
51
92
90
97
110
100
96
65
115
108
114
103
112
115
99
107
112
150
149
137
138
144
144
142
159
128
138
146
170
169
139
228
166
207
189
182
214
149
289
210
240
234
253
231
184
307
269
277
285
272
277
203
379
315
338
345
343
353
352
410
352
418
391
424
280
392
586
451
418
498
450
506
396
572
566
488
609
581
583
517
719
634
653
597
686
704
518
840
843
773
715
868
832
850
702
1040
940
831
1091
1085
1052
832
1234
1200
1107
1119
1171
1163
810
1565
1408
1372
1277
1543
1383
1384
1232
1777
1561
1433
1686
1695
1679
1329
2089
1836
1853
1889
2007
1415
2462
2012
2338
1729
2674
2258
2429
2138
2699
2567
1877
3372
2481
3048
2309
3453
2832
3206
2777
3436
3190
3236
3385
3188
3923
2948
4414
3717
3976
3731
3502
4525
4075
4550
4194
4555
4287
4598
3835
4228
5431
4604
5508
4794
5284
5082
5449
4032
5654
5821
5607
5863
5719
5489
5570
6246
5892
4456
6478
5738
9357
21844
9056
5302
6311
4521
5698
6030
5100
5203
5231
5504
5295
5648
5413
3842
5266
4883
5098
4481
4938
4014
4887
3767
3269
3995
3751
3848
3639
3828
3371
3890
3010
3220
3335
3188
3748
2595
3291
2801
2869
2858
2729
3024
2468
2658
2412
2961
1885
2584
2137
2801
1562
2133
2350
1760
2004
1974
2282
1546
2070
1778
2278
1256
1741
1606
1602
1542
1756
1133
1410
1508
1543
1189
1391
1499
1077
1175
1176
1167
1146
1169
1248
1327
738
1012
967
878
854
984
1043
681
842
865
869
721
782
889
576
753
694
793
623
658
739
759
405
637
625
532
528
563
611
367
507
498
504
409
502
517
364
399
424
428
354
392
486
358
224
342
344
360
300
293
308
305
311
301
275
237
316
161
253
220
221
230
214
261
149
231
221
209
218
209
225
117
198
189
181
193
177
190
123
148
139
143
132
143
174
115
114
141
129
111
112
109
94
87
94
88
105
94
112
81
112
57
86
91
73
70
78
111
47
69
67
55
88
69
84
36
56
61
55
57
48
52
50
53
48
47
63
42
50
36
38
43
53
28
46
29
24
31
38
31
31
38
36
25
42
30
31
32
25
19
17
31
20
25
22
20
19
25
22
25
16
24
16
33
15
20
16
16
18
14
14
15
21
17
16
16
10
17
10
16
9
7
10
9
6
9
9
8
7
14
8
9
10
7
6
8
9
9
5
5
6
6
2
9
7
4
7
2
6
4
3
4
2
3
9
3
5
6
1
2
4
1
3
3
4
2
2
2
6
1
1
5
2
2
1
2
3
1
2
0
3
1
2
1
2
2
3
2
1
1
1
2
2
0
0
0
1
1
0
0
2
0
1
1
0
1
2
1
0
1
1
1
3
0
1
1
1
1
0
0
0
0
1
2
0
0
3
1
0
1
1
1
1
0
1
2
1
0
0
0
0
0
2
0
1
0
0
1
0
0
0
0
0
0
1
0
0
1
1
0
1
0
0
0
0
0
0
0
0
2
1
0
0
0
0
0
0
0
0
0
0
1
0
0
0
0
0
0
0
0
2
0
0
0
1
0
0
0
0
0
0
0
0
0
0
0
0
0
0
0
0
0
0
0
0
0
1
0
0
0
0
0
0
0
0
0
0
0
0
0
0
0
0
0
0
0
0
0
0
0
0
0
0
0
0
0
0
0
0
0
0
0
0
0
0
0
0
0
0
0
0
0
0
0
0
0
0
0
0
0
0
0
0
0
0
0
0
0
0
0
0
0
0
0
0
0
0
0
0
0
0
0
0
0
0
0
0
0
0
0
0
0
0
0
0
0
0
0
0
0
0
0
0
0
0
0
0
0
0
0
0
0
0
0
0
0
0
0
0
0
0
0
0
0
0
0
0
0
0
0
0
0
0
0
0
0
0
0
0
0
0
0
0
0
0
0
0
0
0
0
0
0
0
0
0
0
0
0
0
0
0
0
0
0
0
0
0
0
0
0
0
0
0
0
0
0
0
0
0
0
0
0
0
0
0
0
0
0
0
0
0
0
0
0
0
0
0
0
0
0
0
0
0
0
0
0
0
0
0
0
0
0
0
0
0
0
0
0
0
0
0
0
0
0
0
0
0
0
0
0
0
0
0
0
0
0
0
0
0
0
0
0
0
0
0
0
0
0
0
0
0
0
0
0
0
0
0
0
0
0
0
0
0
0
0
0
0
0
0
0
0
0
0
0
0
0
0
0
0
0
0
0
0
0
0
0
0
0
0
0
0
0
0
0
0
0
0
0
0
0
0
0
0
0
0
0
0
0
0
0
0
0
0
0
0
0
0
0
0
0
0
0
0
0
0
0
0
0
0
0
0
0
0
0
0
0
0
0
0
0
0
0
0
0
0
0
0
0
0
0
0
0
0
0
0
0
0
0
0
0
0
0
0
0
0
0
0
0
0
0
0
0
0
0
0
0
0
0
0
0
0
0
0
0
0
0
0
0
0
0
0
0
0
0
0
0
0
0
0
0
0
0
0
0
0
0
0
0
0
0
0
0
0
0
0
0
0
0
0
0
0
0
0
0
0
0
0
0
0
0
0
0
0
0
0
0
0
0
0
0
0
0
0
0
0
0
0
0
0
0
0
0
0
0
0
0
0
0
0
0
0
0
0
0
0
0
0
0
0
0
0
0
0
0
0
0
0
0
0
0
0
0
0
0
0
0
0
0
0
0
0
0
0
0
0
0
0
0
0
0
0
0
0
0
0
0
0
0
0
0
0
0
0
0
0
0
0
0
0
0
0
0
0
0
0
0
0
0
0
0
0
0
0
0
0
0
0
0
0
0
0
0
0
0
0
0
0
0
