761
155
102
93
46
25
16
7
3
5
9
7
5
11
5
7
2
6
10
12
8
7
7
12
8
7
7
8
10
12
9
12
6
12
8
13
13
11
6
6
16
10
10
14
8
12
6
4
7
6
11
10
11
10
11
6
8
10
9
14
9
8
10
8
3
8
11
7
13
3
12
12
13
11
10
5
11
21
9
13
13
16
8
9
10
7
8
12
5
12
13
7
13
6
12
9
12
3
12
14
18
20
5
11
18
6
15
14
16
19
12
21
15
15
17
16
14
13
16
10
14
11
15
16
9
12
15
7
17
20
11
10
15
13
12
18
13
25
16
16
14
18
20
20
21
17
19
19
16
27
20
23
18
15
19
18
19
15
26
22
19
15
21
19
16
16
21
23
22
17
16
21
23
24
26
23
19
22
21
23
27
24
22
28
30
17
24
26
21
24
18
19
26
14
22
29
26
26
28
29
24
28
35
36
30
17
26
21
20
23
25
29
19
28
28
21
24
29
30
25
33
35
21
34
32
25
35
30
26
32
32
34
37
32
27
27
31
37
30
32
27
31
39
37
24
44
30
37
33
36
33
30
39
31
33
40
32
38
41
40
29
33
44
40
32
49
42
44
53
43
27
53
45
39
45
38
38
49
40
41
30
37
50
44
34
46
45
44
48
46
52
52
36
48
53
46
54
47
53
39
56
53
60
56
58
69
58
64
45
59
48
50
48
54
44
58
53
69
60
65
61
47
54
57
52
51
78
55
52
57
52
68
69
73
69
51
53
67
45
73
54
54
55
66
71
66
67
78
66
74
75
64
71
74
71
73
72
84
70
85
67
84
68
70
69
60
89
92
80
66
103
79
76
69
91
83
82
85
112
67
107
96
91
80
106
86
85
94
84
88
78
105
104
97
93
88
92
96
107
98
113
94
97
113
114
113
97
111
120
102
110
120
117
131
112
121
113
107
109
103
97
115
114
119
129
125
114
127
101
120
121
119
128
134
128
142
143
126
122
111
143
120
141
153
122
128
112
126
132
129
158
161
139
147
141
138
141
144
160
138
135
143
134
137
163
162
145
163
149
150
155
161
171
166
191
175
170
177
174
173
166
177
179
163
164
178
191
195
187
191
193
170
186
184
182
179
197
193
192
184
214
189
176
198
209
186
201
189
211
198
211
203
196
200
187
207
216
219
227
223
225
217
229
241
221
225
225
220
255
240
252
262
256
228
226
269
177
259
287
242
252
233
262
241
260
244
282
303
264
277
252
265
282
269
243
266
297
269
265
266
312
292
293
267
289
261
313
301
306
275
303
286
348
299
316
324
348
299
303
333
326
330
334
329
303
324
336
352
335
315
353
345
342
348
331
366
350
363
397
322
357
372
343
355
336
361
335
373
352
395
378
364
381
396
402
412
398
404
410
386
416
404
435
363
388
431
409
430
412
487
421
437
415
440
440
476
417
452
438
395
459
484
458
464
447
465
487
460
475
419
449
460
515
499
474
490
490
482
506
495
463
534
457
500
504
532
478
489
531
501
520
512
520
512
523
514
541
549
581
516
555
545
570
566
568
536
576
550
593
570
615
630
615
600
574
594
589
683
623
626
620
618
642
655
608
642
668
657
634
680
640
684
674
650
654
687
687
668
696
697
667
628
730
727
679
684
709
682
671
731
707
698
730
699
743
713
745
778
767
758
731
740
723
719
746
753
781
770
730
803
764
805
817
795
778
827
772
847
773
796
824
793
809
818
809
784
814
842
845
802
868
849
876
869
821
830
918
909
847
922
898
907
906
898
911
924
915
893
951
948
909
925
946
986
972
984
983
1000
986
915
983
961
1042
948
974
1002
1004
991
902
985
1065
1015
1067
975
1027
1020
1058
1061
1048
1047
1048
1071
1014
1045
1076
1044
1069
1072
1097
1095
1172
1079
1115
1084
1066
1118
1109
1094
1097
1204
1160
1149
1167
1155
1132
1177
1166
1143
1210
1193
1226
1259
1244
1203
1253
1224
1182
1195
1310
1188
1260
1268
1231
1292
1205
1275
1292
1340
1315
1242
1306
1294
1339
1251
1300
1296
1313
1260
1331
1356
1287
1257
1385
1365
1371
1394
1342
1388
1403
1354
1365
1442
1397
1447
1319
1435
1440
1417
1414
1510
1509
1482
1429
1335
1422
1478
1460
1437
1511
1514
1473
1597
1465
1553
1494
1500
1493
1459
1566
1589
1507
1634
1569
1551
1527
1543
1579
1583
1560
1532
1544
1569
1625
1560
1549
1624
1595
1655
1522
1640
1653
1575
1562
1615
1696
1619
1574
1651
1636
1718
1575
1664
1727
1637
1588
1660
1677
1705
1726
1642
1791
1701
1654
1590
1626
1670
1656
1770
1779
1683
1735
1726
1701
1762
1828
1853
1663
1803
1728
1718
1779
1716
1830
1814
1826
1731
1807
1768
1800
1796
1852
1770
1793
1834
1745
1776
1919
1845
1787
1812
4886
1900
1754
1853
1877
1814
1761
1813
1933
1830
1814
1799
1839
1805
1866
1771
1841
1609
1813
1708
1796
1802
1653
1758
1690
1718
1727
1721
1710
1732
1727
1770
1677
1784
1742
1697
1735
1668
1766
1699
1679
1610
1604
1714
1699
1709
1578
1636
1647
1659
1585
1751
1660
1671
1630
1719
1594
1702
1603
1703
1631
1639
1648
1641
1709
1669
1600
1558
1618
1589
1686
1575
1568
1573
1576
1561
1541
1515
1527
1666
1471
1578
1578
1488
1466
1565
1604
1551
1498
1498
1500
1459
1444
1402
1466
1540
1454
1386
1451
1448
1482
1437
1413
1426
1487
1460
1310
1439
1498
1409
1330
1460
1416
1354
1359
1364
1425
1418
1424
1306
1368
1343
1327
1350
1315
1391
1358
1334
1332
1384
1328
1300
1300
1355
1326
1398
1266
1321
1260
1239
1141
1310
1286
1222
1212
1308
1175
1248
1257
1156
1249
1261
1221
1179
1260
1208
1264
1091
1231
1190
1164
1173
1051
1174
1202
1200
1179
1178
1139
1177
1105
1160
1198
1150
1129
1032
1063
1151
1060
1083
1101
1122
1088
1001
1128
1071
1091
1076
1078
1034
1073
1056
995
1026
989
1020
964
1012
980
983
957
1000
1022
996
962
971
961
976
988
921
947
956
979
898
917
933
922
924
897
902
873
941
863
887
911
843
894
887
920
940
883
790
897
911
844
835
867
836
834
823
837
848
816
863
788
826
775
829
780
805
788
746
783
731
765
826
739
837
751
775
803
747
778
783
754
746
769
772
677
729
737
723
737
752
682
681
698
665
703
734
708
722
693
666
690
661
655
684
684
684
689
631
670
690
640
571
649
596
688
698
603
652
604
617
575
605
602
617
563
596
557
607
631
615
588
592
594
544
558
607
575
517
577
565
561
525
538
526
586
524
526
570
541
510
487
532
538
534
517
518
517
511
516
489
537
491
505
527
513
478
493
468
449
464
496
494
473
490
443
491
433
498
484
454
479
453
465
449
434
421
437
429
412
428
440
423
431
395
424
386
394
390
453
421
409
382
364
391
423
378
369
377
357
424
324
388
358
390
386
351
340
350
341
329
364
359
364
329
333
314
370
335
309
299
334
323
328
332
317
324
338
338
319
315
315
286
327
303
301
295
318
287
329
282
304
293
336
252
330
278
275
251
265
275
273
259
235
267
258
239
260
254
252
268
236
228
232
263
279
214
258
245
218
259
242
264
233
252
235
227
239
243
239
220
212
224
198
237
218
236
244
200
214
181
217
220
211
187
215
206
218
192
183
213
201
186
193
193
167
185
197
175
172
196
161
168
177
200
185
203
201
181
176
157
174
144
163
156
169
159
159
186
166
176
147
165
143
176
169
154
154
151
123
152
150
139
151
138
149
143
139
167
138
117
142
151
158
139
133
123
126
116
136
127
157
137
131
110
117
114
124
101
111
123
122
130
122
112
106
90
132
117
105
107
108
118
112
105
107
104
112
110
95
116
112
84
111
103
85
114
106
113
98
103
103
100
104
91
103
111
103
103
96
87
101
94
79
103
96
102
96
93
98
88
89
84
64
72
79
83
84
77
86
93
76
73
87
89
71
83
69
67
76
67
74
84
90
71
75
91
67
61
72
63
72
68
63
79
70
62
73
68
77
63
62
68
84
54
58
73
70
60
64
68
55
70
62
55
50
49
66
60
66
56
57
53
53
52
56
58
65
56
50
60
52
52
51
60
59
41
57
62
58
52
59
55
53
58
42
54
52
43
52
49
53
35
47
55
41
48
38
55
42
45
49
43
58
49
53
37
46
46
26
38
39
39
46
48
54
37
36
36
38
35
29
35
31
43
38
31
41
33
34
31
37
38
33
33
27
38
34
32
36
38
38
27
26
31
37
30
34
24
26
24
32
35
26
29
33
29
22
33
27
35
28
31
33
33
26
31
20
24
25
31
29
24
21
26
23
27
22
14
18
26
16
26
24
20
32
31
13
28
23
23
30
23
24
30
12
13
27
14
22
22
18
24
16
22
26
18
21
17
16
12
17
17
23
19
12
35
19
15
20
17
10
25
18
18
14
18
15
19
17
14
12
19
17
17
20
13
18
23
20
14
16
22
12
23
17
19
11
19
19
16
16
17
14
15
12
10
13
19
13
13
14
10
14
13
17
17
11
10
8
12
12
6
10
11
11
8
10
12
14
13
16
13
16
12
11
8
11
11
12
11
12
10
14
14
14
8
8
17
5
6
10
10
12
15
15
13
12
7
5
12
14
8
12
12
10
9
12
12
9
10
11
9
13
11
10
14
11
12
11
9
5
4
5
9
10
13
7
6
6
7
8
10
8
8
7
5
8
5
6
5
6
3
4
12
10
6
8
6
2
5
10
9
4
12
13
3
7
3
9
11
3
6
5
5
7
6
6
6
17
19
23
29
45
86
98
134
474
