1050
258
181
127
45
30
17
12
10
15
17
10
10
10
12
14
16
17
12
13
13
15
21
15
20
17
14
11
13
14
13
11
17
15
11
13
20
12
13
21
13
12
22
16
13
17
19
16
17
19
21
15
20
12
15
15
17
23
14
16
5
31
21
20
21
19
22
18
19
19
21
26
19
22
27
17
25
18
17
20
20
25
23
15
22
25
23
25
26
22
16
30
25
19
16
28
24
20
22
25
19
34
27
19
23
27
27
31
31
29
36
30
34
29
24
25
30
31
22
20
30
19
38
32
20
20
32
28
20
30
26
28
28
33
29
35
31
36
45
31
29
29
26
36
23
38
41
35
30
26
28
36
37
27
51
33
40
28
31
40
31
40
50
32
33
31
28
33
54
45
46
43
48
34
25
36
41
39
36
51
31
39
54
38
49
38
55
48
47
37
36
47
63
56
41
38
50
45
47
47
41
50
47
52
33
45
43
51
38
33
46
52
41
60
70
50
59
53
48
57
51
51
63
75
55
57
69
75
52
71
63
60
53
59
53
65
63
59
77
68
68
63
67
59
64
54
60
51
74
65
75
69
86
73
70
80
67
68
88
68
79
76
75
75
69
85
80
86
74
74
86
79
74
84
85
99
82
80
94
74
89
94
97
91
83
96
97
96
81
108
91
86
98
83
83
79
86
97
101
86
105
93
91
100
102
105
110
108
114
107
99
108
108
104
109
100
110
105
108
91
135
115
113
115
114
120
127
116
121
133
132
124
128
119
120
125
151
116
131
121
138
140
145
126
143
138
127
122
146
114
134
114
137
147
152
150
148
149
159
141
160
138
153
166
154
147
138
134
150
159
154
142
162
160
154
174
145
155
168
166
173
163
175
164
173
172
175
167
177
161
189
199
181
170
165
177
174
189
196
173
179
177
212
201
195
187
185
207
196
178
195
204
183
203
214
200
170
204
238
202
182
216
221
216
192
205
247
199
220
225
239
224
190
220
214
208
260
244
248
228
218
232
261
244
244
243
238
240
250
264
233
258
260
272
262
263
243
240
255
267
260
247
274
289
244
251
263
270
259
275
263
265
275
291
290
271
271
290
318
251
335
288
315
345
321
302
323
306
291
301
345
330
293
327
322
336
325
311
298
331
325
332
324
307
334
316
329
352
294
360
355
333
351
349
373
332
409
345
364
365
377
325
357
374
326
356
387
352
341
398
380
370
388
365
368
366
353
370
399
414
377
379
434
382
390
384
402
431
385
416
424
421
432
433
439
429
407
404
395
398
434
459
400
397
472
417
472
403
445
465
425
481
479
489
446
412
450
448
468
504
469
511
478
491
516
497
477
499
453
514
515
498
506
473
521
505
492
511
533
507
522
467
529
535
577
495
525
543
528
526
479
548
504
512
496
537
555
585
523
529
554
563
512
590
521
553
563
581
583
594
599
554
597
548
554
588
555
572
580
584
600
586
629
584
603
575
618
652
668
631
643
627
635
608
600
646
658
697
666
642
634
680
592
679
672
647
641
667
640
692
643
697
691
727
667
688
710
734
683
689
664
722
702
659
718
730
701
727
703
704
704
713
737
739
682
737
690
677
754
738
687
713
757
811
796
694
741
735
715
765
755
790
805
770
826
779
777
816
780
759
784
840
770
755
779
793
772
791
814
828
833
785
802
819
797
785
830
844
856
843
843
865
823
875
841
840
856
835
756
858
855
882
852
875
896
872
853
941
855
898
878
916
897
880
898
816
890
915
877
900
927
933
947
949
906
1019
911
941
930
937
873
920
931
927
908
898
975
945
995
1010
978
916
995
918
992
910
926
978
982
956
897
916
989
987
986
973
1014
1012
992
986
1028
1037
1033
972
1000
985
1003
992
1076
1019
1100
1017
1060
1077
1067
961
1026
1019
1010
1042
1022
1039
1043
1043
1024
1085
1068
1092
1040
1058
1029
1084
1110
1068
1075
1075
1098
1060
1063
1050
1072
1055
1063
1050
1107
1119
1050
1146
1082
1126
1085
1144
1087
1045
1005
1092
1106
1104
1099
1030
1087
1144
1103
1116
1103
1124
1128
1090
1095
1164
1097
1066
1139
1164
1103
1171
1127
1150
1180
1179
1045
1115
1100
1186
1077
1167
1135
1174
1175
1139
1180
1164
1218
1131
1145
1154
1180
1155
1174
1164
1162
1161
1170
1149
1185
1248
1132
1150
1199
1224
1199
1154
1174
1283
1240
1193
1217
1241
1161
1204
1272
1257
1152
1233
1257
1219
1192
1219
1251
1233
1272
1241
1209
1215
1282
1175
1207
1322
1223
1224
1268
1263
1218
1243
1270
1237
1239
1285
1276
1298
1221
1223
1310
1223
1234
1318
1251
1278
1266
1280
1303
1234
1210
1288
1234
1323
1204
1243
1318
1283
1348
1282
1315
1364
1328
1260
1273
1312
1300
1222
1376
1353
1333
1296
1273
1287
1370
1340
1304
1391
4089
1398
1321
1297
1250
1305
1331
1332
1325
1261
1264
1268
1296
1317
1262
1253
1290
1365
1305
1287
1282
1303
1257
1306
1224
1287
1274
1269
1264
1200
1254
1276
1252
1293
1278
1259
1212
1304
1300
1316
1243
1175
1194
1277
1230
1217
1251
1238
1216
1337
1192
1258
1202
1205
1173
1235
1218
1191
1172
1183
1188
1174
1214
1215
1205
1190
1198
1183
1138
1191
1222
1149
1132
1158
1181
1178
1115
1145
1117
1192
1178
1164
1227
1173
1111
1140
1138
1117
1125
1135
1175
1161
1131
1117
1143
1109
1159
1081
1166
1127
1079
1111
1130
1167
1150
1138
1050
1092
1084
1105
1073
1136
1145
1113
1079
1104
1092
1126
1138
1042
1102
1085
1081
1029
1066
1087
1106
1078
1086
1104
1035
1043
1086
1027
1003
1104
1011
1044
1080
1039
1041
1058
1008
1008
994
1093
1102
1021
1032
1011
1024
1007
1018
1024
1028
982
1029
970
997
1058
956
1047
1013
998
1014
1047
1015
1004
1036
980
975
967
990
952
922
978
993
1028
967
942
991
969
1036
968
992
948
964
909
975
959
942
930
879
963
924
941
936
925
894
952
872
910
967
928
954
885
919
912
923
843
881
869
895
917
867
921
890
848
844
929
891
892
848
870
941
875
821
861
905
884
889
827
849
885
874
811
843
876
882
834
814
819
801
799
818
821
823
806
783
849
788
775
772
847
767
815
792
784
843
818
806
725
836
803
800
778
804
811
765
788
755
758
759
736
742
758
740
760
777
790
827
791
756
784
754
734
706
751
783
709
698
727
703
700
719
711
725
718
721
644
682
719
717
691
701
651
774
666
683
691
694
689
634
760
663
641
608
628
711
657
704
648
640
671
641
591
607
624
651
639
612
607
649
663
572
668
687
666
606
590
650
615
628
612
638
634
652
613
604
613
590
577
588
611
576
562
608
610
582
571
619
559
608
596
594
542
562
575
580
526
571
592
510
501
543
602
547
534
582
553
560
534
559
521
553
540
516
533
524
528
490
509
543
489
519
482
507
547
519
513
488
506
502
484
539
518
484
462
501
443
491
475
487
479
431
464
465
485
451
512
464
461
461
497
479
442
437
472
486
466
452
456
476
450
424
456
419
443
446
386
450
411
394
452
422
419
451
425
429
383
425
432
387
403
424
390
411
418
396
343
366
439
361
394
393
383
356
369
372
363
407
406
390
410
381
367
356
361
374
395
345
358
373
294
375
355
374
390
367
354
367
361
341
337
341
327
371
329
352
339
305
357
328
329
328
313
296
303
322
308
377
339
292
306
316
285
267
316
269
308
331
319
329
304
297
292
323
299
292
284
261
308
291
268
303
294
290
288
276
269
271
258
262
243
276
253
241
245
283
267
262
269
271
268
260
229
244
233
235
254
246
227
246
253
260
248
241
196
229
261
234
220
232
238
227
234
213
223
228
226
194
200
198
204
187
211
207
202
205
187
219
193
229
201
189
210
182
184
188
175
201
206
193
186
193
200
191
183
217
190
180
168
194
191
175
149
187
185
178
175
169
164
166
175
173
177
167
166
169
186
166
157
164
159
160
189
144
195
172
161
150
152
155
163
162
162
145
157
148
145
152
164
134
135
159
138
149
133
137
126
141
127
117
120
139
139
143
126
145
123
138
132
133
129
137
128
123
128
130
105
136
129
114
117
116
107
140
130
139
104
118
102
115
111
116
102
111
114
128
122
115
112
112
106
113
101
114
97
121
106
108
96
87
106
100
96
98
93
95
87
79
81
86
88
92
79
79
69
88
90
86
84
78
100
76
80
74
84
83
72
85
100
106
91
84
62
85
79
62
65
80
74
63
75
79
63
73
86
81
75
60
64
84
73
62
70
72
84
69
66
59
69
61
76
45
63
48
63
86
76
62
64
59
86
58
52
72
61
61
59
62
53
52
52
63
51
58
50
62
59
53
49
59
58
47
47
53
56
55
48
49
43
47
60
65
72
65
39
52
51
43
44
42
51
48
42
52
55
48
40
33
63
49
39
55
45
34
37
50
46
46
56
49
46
46
41
33
53
33
30
35
45
29
34
46
40
34
28
31
27
27
26
28
38
36
44
35
32
33
36
39
33
30
35
29
28
23
33
21
40
33
40
32
38
32
27
32
37
27
35
37
34
24
32
29
27
23
22
31
22
21
32
26
29
23
24
22
26
32
32
24
30
21
22
34
23
28
26
35
24
27
28
28
19
14
24
30
27
21
24
24
24
15
25
28
25
16
27
20
16
18
19
11
18
19
17
16
19
18
25
17
20
17
19
18
12
16
24
26
21
22
17
17
16
24
18
22
16
15
28
18
23
12
16
15
12
18
17
17
9
17
16
17
19
10
14
23
18
16
12
17
6
21
27
37
52
103
156
228
304
923
