389
71
45
47
8
17
4
7
4
8
7
7
9
8
5
4
5
3
7
9
9
7
3
5
4
6
5
5
4
6
7
6
12
5
5
6
6
4
7
5
8
9
4
4
11
3
10
7
10
8
4
10
10
10
10
10
8
10
6
7
7
8
9
4
3
9
9
9
7
14
5
7
8
3
13
6
11
12
6
20
13
10
11
13
10
12
11
12
7
7
11
4
17
7
11
8
3
16
10
12
12
10
15
8
5
13
9
12
17
11
14
16
16
11
11
6
12
9
12
6
15
10
7
13
5
16
6
13
14
8
17
13
8
17
11
10
10
14
15
14
13
16
14
25
16
12
11
6
23
13
19
8
10
25
16
12
25
14
15
21
11
20
14
14
23
23
16
17
14
19
18
23
21
17
18
9
25
15
15
24
20
26
11
21
22
22
15
29
14
22
17
19
25
17
33
21
23
22
12
35
24
24
17
17
22
24
24
24
27
24
20
19
21
27
24
20
21
36
26
20
26
21
28
37
29
31
18
42
24
28
24
28
32
24
27
38
24
21
26
23
41
38
31
29
21
33
29
33
24
27
45
32
18
41
19
42
42
31
41
31
34
34
30
41
39
61
30
17
47
38
56
34
29
61
56
51
41
24
56
44
45
49
50
52
47
30
53
51
35
42
29
63
48
40
36
28
60
40
50
41
34
68
41
46
57
50
74
50
47
50
56
56
46
56
67
66
53
59
43
66
65
59
58
47
78
61
64
66
21
79
66
67
76
61
57
72
50
83
68
72
57
46
95
72
65
75
50
95
60
67
69
55
105
71
75
90
61
61
77
73
90
79
94
72
53
104
75
68
88
62
111
89
91
102
52
123
83
86
91
54
137
85
85
112
97
99
104
83
95
81
94
100
65
113
91
95
102
61
127
103
119
102
65
155
105
100
110
124
109
107
102
132
106
104
119
116
147
115
145
115
99
171
129
121
130
81
195
133
126
137
116
160
129
124
148
144
145
151
119
149
145
146
143
116
183
145
133
157
110
214
142
177
196
106
229
129
159
166
178
149
182
140
174
147
168
178
158
169
187
178
169
134
232
167
175
175
146
217
206
191
191
188
168
172
186
188
190
186
198
185
218
131
266
213
159
207
246
231
196
148
200
262
229
224
215
162
301
223
267
188
272
255
219
267
196
274
226
231
223
175
357
279
225
224
279
250
242
267
232
341
260
263
216
175
361
229
260
227
365
302
298
243
226
340
286
271
244
375
264
292
282
254
401
315
312
301
233
446
287
343
281
390
326
270
318
267
430
328
363
300
231
509
309
353
285
406
320
310
377
262
443
363
363
332
411
388
341
372
292
481
407
419
381
278
521
395
400
339
463
414
407
411
318
526
419
440
430
284
634
455
477
378
503
449
404
452
317
536
446
464
450
477
467
436
455
350
549
510
473
488
328
627
465
476
468
544
488
479
530
384
633
447
501
497
352
734
475
559
476
623
523
503
586
385
680
565
571
522
350
783
560
576
483
682
559
578
607
428
784
582
627
553
595
610
607
624
515
772
627
664
592
417
855
663
638
603
701
682
614
715
523
823
621
667
660
481
959
673
661
589
764
675
631
764
505
874
716
776
696
718
693
728
762
679
856
767
803
758
538
973
731
775
721
846
769
735
840
656
894
809
767
800
568
1104
800
888
751
898
753
747
947
716
1024
767
623
1083
539
1123
891
873
774
723
1092
772
983
929
843
807
797
1156
788
993
832
906
922
621
1229
779
1055
881
970
955
657
1151
879
1097
929
961
967
946
853
808
1158
941
1039
956
1038
913
851
1226
983
1044
1064
991
922
844
1309
985
1141
1068
1003
1046
719
1319
959
1157
1068
1070
1096
785
1398
1028
1194
1015
1052
1081
702
1435
999
1265
1075
1083
1092
1065
991
1044
1332
1143
1094
1134
1145
1045
995
1427
1169
1162
1160
1168
1042
1040
1430
1222
1283
1170
1215
1202
862
1551
1149
1230
1197
1246
1168
850
1522
1184
1352
1249
1260
1246
859
1605
1214
1358
1218
1336
1277
1290
1229
1169
1395
1361
1245
864
1189
1758
1316
1215
1334
1243
1333
1060
1448
1403
1139
1466
1355
1383
1008
1463
1487
1312
1174
1425
1368
973
1523
1500
1384
1299
1429
1417
1398
1135
1556
1433
1193
1520
1422
1462
1017
1668
1473
1333
1338
1516
1397
995
1602
1466
1397
1342
1472
1403
1472
1276
1677
1428
1184
1497
1450
1450
1219
1715
1480
1417
1387
1451
1151
1756
1442
1592
1235
1718
1403
1600
1279
1607
1406
1122
1921
1475
1610
1181
1746
1464
1562
1318
1691
1531
1549
1373
1507
1596
1242
1781
1501
1580
1414
1403
1624
1404
1687
1514
1660
1425
1610
1352
1404
1807
1545
1802
1417
1755
1595
1714
1208
1648
1825
1474
1704
1554
1574
1430
1815
1501
1207
1768
1591
1857
4040
1848
1550
1903
1100
1545
1796
1406
1702
1616
1715
1458
1750
1574
1212
1696
1526
1689
1372
1811
1385
1771
1419
1381
1741
1347
1659
1567
1698
1465
1760
1414
1404
1670
1507
1798
1252
1630
1353
1439
1557
1553
1734
1306
1648
1441
1836
1189
1633
1400
1843
1155
1434
1704
1246
1572
1476
1802
1267
1628
1462
1738
1139
1477
1410
1489
1524
1746
1084
1441
1465
1571
1248
1466
1643
1133
1417
1461
1495
1239
1465
1608
1665
999
1404
1502
1282
1343
1511
1687
1081
1420
1434
1507
1198
1398
1586
1138
1418
1401
1452
1268
1366
1496
1575
893
1313
1467
1274
1372
1434
1524
997
1339
1386
1424
1211
1371
1475
987
1338
1320
1333
1217
1327
1729
1222
828
1292
1278
1358
1179
1208
1245
1289
1265
1185
1278
1210
1574
813
1185
1198
1137
1256
1167
1561
806
1265
1154
1239
1296
1144
1467
867
1171
1186
1150
1221
1149
1420
978
999
1132
1077
1137
1164
1381
1043
1037
1128
1109
1072
1136
1270
1021
975
1106
1072
1142
1044
1253
983
1450
662
1081
1053
1077
1137
965
1284
712
1094
1035
1078
1186
970
1295
711
970
971
1056
1095
978
1213
860
867
959
1011
1038
971
1220
893
918
961
920
1002
917
1169
812
890
891
994
980
890
1069
800
1154
610
901
916
892
1133
794
1106
639
906
881
883
1000
775
1073
708
782
851
875
971
753
1026
710
777
907
785
1104
578
1046
661
786
1016
677
954
723
800
829
760
781
826
1097
560
813
806
771
841
665
805
741
806
802
763
760
796
980
556
658
758
724
825
624
759
720
758
717
720
665
679
862
570
786
597
680
754
642
719
620
936
437
645
689
693
775
520
739
568
673
729
627
689
650
822
407
597
636
619
714
473
653
594
607
664
538
609
610
778
381
572
565
562
661
481
606
539
771
370
534
562
515
697
395
579
501
512
629
454
548
469
668
328
521
539
545
616
396
528
468
474
523
442
533
477
661
348
457
493
429
548
406
487
438
476
540
446
451
425
577
345
451
427
421
505
379
437
451
612
275
389
432
387
525
318
440
380
392
452
338
406
416
546
284
368
409
380
468
313
369
357
352
449
324
389
354
497
232
373
309
361
401
309
352
294
452
252
313
379
361
421
240
352
292
314
377
269
325
317
406
232
300
318
308
363
232
315
278
300
337
287
242
286
375
235
276
295
298
322
222
304
239
367
193
239
281
249
346
189
287
236
255
270
206
256
252
330
173
238
233
273
326
195
247
212
252
286
180
200
228
289
164
216
235
232
267
241
157
204
193
294
245
159
209
310
119
188
203
190
212
183
193
175
199
194
185
214
188
191
240
116
178
155
179
223
157
188
166
202
187
139
175
179
170
169
163
181
189
179
160
164
169
242
98
177
143
144
202
124
137
156
135
195
122
151
137
167
169
115
139
154
143
150
123
132
158
132
123
141
113
181
106
170
133
140
160
92
120
137
138
136
91
117
118
125
128
129
114
106
115
119
133
130
154
64
119
106
126
155
75
101
106
127
133
70
112
101
103
112
97
115
108
99
102
83
94
139
58
102
88
86
135
57
95
110
117
131
68
86
83
89
88
79
78
96
96
82
76
83
78
85
81
82
77
99
55
70
76
63
97
60
83
76
77
87
61
70
69
72
82
59
65
71
65
75
56
63
91
33
80
47
61
94
49
68
56
66
82
49
57
48
57
77
44
56
53
63
48
55
61
54
58
51
64
50
59
39
42
51
51
59
27
44
53
44
80
38
38
44
47
48
44
50
60
32
57
33
48
63
26
36
36
50
52
33
36
28
33
48
27
30
34
39
40
38
35
52
28
43
32
43
49
14
43
31
33
44
24
31
32
28
43
24
34
36
27
42
19
26
27
37
40
27
34
23
40
27
24
31
36
15
26
25
24
37
16
24
23
22
33
14
20
16
32
30
16
22
22
18
17
19
22
36
11
21
19
19
34
11
19
21
23
37
26
18
17
11
30
16
24
17
24
26
15
19
15
24
16
18
22
30
14
17
17
14
23
16
20
14
17
25
14
19
18
12
25
15
13
15
17
13
13
17
27
7
14
22
13
14
14
15
16
13
33
17
17
11
8
20
14
12
19
15
9
13
19
22
11
10
17
18
24
5
12
15
13
19
11
16
19
11
9
14
12
12
8
8
11
14
8
8
16
10
9
14
8
13
8
11
25
9
12
14
8
12
8
13
5
9
11
12
17
13
8
13
13
6
13
4
11
6
8
7
4
11
5
11
11
4
6
8
5
7
10
7
7
12
6
9
8
10
9
12
6
4
10
4
9
9
8
18
4
10
13
9
13
4
6
9
12
7
9
8
8
4
6
7
4
4
2
5
9
4
7
5
8
5
5
7
3
5
8
9
9
3
6
7
4
5
5
10
23
12
28
39
56
225
