0
0
0
0
0
0
0
0
0
0
0
0
0
0
0
0
0
0
0
0
0
0
0
0
0
0
0
0
0
0
0
0
0
0
0
0
0
0
0
0
0
0
0
0
0
0
0
0
0
0
0
0
0
0
0
0
0
0
0
0
0
0
0
0
0
0
0
0
0
0
0
0
0
0
0
0
0
0
0
0
0
0
0
0
0
0
0
0
0
0
0
0
0
0
0
0
0
0
0
0
0
0
0
0
0
0
0
0
0
0
0
0
0
0
0
0
0
0
0
0
0
0
0
0
0
0
0
0
0
0
0
0
0
0
0
0
0
0
0
0
0
0
0
0
0
0
0
0
0
0
0
0
0
0
0
0
0
0
0
0
0
0
0
0
0
0
0
0
0
0
0
0
0
0
0
0
0
0
0
0
0
0
0
0
0
0
0
0
0
0
0
0
0
0
0
0
0
0
0
0
0
0
0
0
0
0
0
0
0
0
0
0
0
0
0
0
0
0
0
0
0
0
0
0
0
0
0
0
0
0
0
0
0
0
0
0
0
0
0
0
0
0
0
0
0
0
0
0
0
0
0
0
0
0
0
0
0
0
0
0
0
0
0
0
0
0
0
0
0
0
0
0
0
0
0
0
0
0
0
0
0
0
0
0
0
0
0
0
0
0
0
0
0
0
0
0
0
0
0
0
0
0
0
0
0
0
0
0
0
0
0
0
0
0
0
0
0
0
0
0
0
0
0
0
0
0
0
0
0
0
0
0
0
0
0
0
0
0
0
0
0
1
0
0
0
0
0
0
1
1
0
1
0
0
0
0
1
0
0
1
0
0
0
0
0
1
0
0
0
1
0
0
1
0
0
1
0
0
0
0
1
0
1
0
1
0
1
0
0
0
1
0
1
0
0
0
1
0
1
0
2
2
0
0
1
1
2
2
0
2
1
0
0
1
0
1
0
0
0
1
0
0
0
0
1
0
1
0
0
2
0
2
0
0
1
2
0
2
0
0
1
0
0
2
0
1
3
0
1
2
0
5
0
5
3
1
2
2
1
2
0
1
1
1
2
1
2
2
4
3
0
1
0
0
3
2
2
6
2
6
3
5
1
1
0
3
4
7
2
4
5
3
4
4
4
3
3
4
4
6
4
8
8
5
3
4
5
3
5
7
6
7
5
6
9
7
2
8
12
4
5
4
3
9
8
8
3
4
6
5
8
10
6
10
8
5
17
10
7
11
7
9
9
10
8
10
17
10
17
12
17
15
16
10
18
20
11
16
11
17
15
21
18
12
12
13
11
24
27
19
24
23
22
21
19
21
24
22
20
20
28
19
23
27
30
25
24
20
20
23
23
16
29
21
26
26
27
30
39
34
32
32
37
46
35
37
46
45
41
36
42
37
45
36
48
36
57
35
34
57
52
51
43
49
55
45
54
51
49
50
49
54
64
67
61
50
76
69
67
68
63
81
74
85
73
78
92
73
80
86
84
83
90
85
97
84
113
95
102
109
102
112
101
117
96
102
117
91
124
136
128
128
135
131
144
124
121
141
131
144
145
175
141
179
185
156
173
176
158
174
211
160
180
189
188
171
217
213
233
220
207
215
214
218
243
235
238
231
243
256
288
275
257
250
260
269
291
290
279
294
300
326
332
306
326
318
360
342
368
338
380
358
376
377
367
390
372
363
400
403
428
407
451
470
429
476
474
523
439
520
452
510
502
520
536
521
532
498
573
587
545
556
590
588
564
599
637
632
658
647
627
712
656
623
656
704
732
782
696
733
787
736
709
792
795
815
762
815
885
831
931
893
908
918
927
960
990
984
960
987
959
1045
1016
999
992
1127
1045
1123
1095
1134
1131
1079
1165
1137
1155
1202
1233
1193
1328
1284
1369
1264
1360
1381
1270
1366
1388
1295
1368
1447
1399
1379
1487
1616
1576
1522
1555
1619
1552
1644
1633
1652
1616
1692
1727
1670
1772
1702
1837
1706
1811
1825
1776
1856
1981
1872
1815
1990
2025
1940
2076
2140
2044
2073
1998
2161
2117
2104
2174
2112
2199
2263
2314
2088
2323
2446
2350
2329
2413
2492
2381
2353
2418
2491
2585
2587
2615
2594
2665
2713
2557
2713
2767
2681
2618
2749
2833
2827
2994
2786
2922
2910
3014
2844
2929
3111
3054
3055
3052
3192
3090
2990
3118
3353
3360
3224
3242
3369
3331
3389
3365
3522
3426
3451
3595
3438
3612
3650
3648
3497
3637
3848
3798
3663
3825
3812
3671
3899
3783
3802
3925
3932
3955
3954
4022
4159
3922
4152
4230
4293
4036
4281
4239
4086
4419
4312
4330
4369
4370
4365
4394
4487
4622
4332
4572
4635
4681
4581
4622
4677
4409
4769
4574
4729
4682
4650
4647
4710
4731
4908
4798
4606
4823
4878
4721
4750
4775
4856
4635
4849
5000
4757
4875
4961
4836
4735
4922
4797
4647
4964
4919
4939
4559
5017
5001
4752
4628
5134
4849
4815
5018
4627
4673
4798
5003
4542
4731
4707
4756
4351
4855
4731
4535
4556
4472
4807
4516
4599
4293
4744
4464
4597
4300
4447
4567
4485
4374
4014
4423
4441
4237
3915
4342
4238
4188
3887
4207
4229
4229
4115
3859
4118
4054
4028
3701
3986
4048
3846
3714
3822
3926
3562
3633
3828
3781
3833
3741
3534
3564
3802
3709
3299
3526
3630
3529
3195
3548
3450
3367
3452
3183
3302
3154
3369
3018
3173
3234
3264
2984
3091
3135
3036
3116
2919
3046
2919
2885
2781
2910
2724
2851
2788
2708
2722
2635
2765
2457
2646
2705
2627
2367
2539
2521
2480
2467
2478
2487
2301
2375
2290
2308
2300
2348
2294
2192
2319
2216
1990
2185
2151
2146
2019
2156
2032
1978
2090
2013
1995
1863
1999
1848
1896
1915
1962
1772
1811
1851
1764
1749
1692
1773
1635
1658
1563
1662
1555
1690
1521
1529
1594
1514
1467
1383
1516
1448
1444
1375
1403
1366
1334
1279
1308
1286
1352
1291
1203
1304
1264
1206
1190
1195
1169
1206
1109
1123
1143
1083
1059
1114
1169
1074
1052
990
893
1085
975
992
946
982
916
928
904
932
885
900
886
833
840
906
805
838
787
771
782
756
801
765
731
680
751
705
746
695
674
687
665
621
671
629
681
630
611
599
621
609
585
595
587
569
541
561
544
526
563
506
486
535
475
464
474
492
468
412
456
461
447
398
407
406
373
405
413
402
391
375
359
344
345
360
331
317
304
326
340
310
332
309
313
290
323
285
296
275
300
292
292
283
263
263
251
246
262
214
214
231
238
238
238
234
177
200
208
192
212
185
170
194
193
197
188
186
176
164
208
164
183
169
165
156
129
144
137
136
149
158
128
117
124
126
115
113
128
109
113
111
120
113
116
87
129
105
101
108
94
71
90
95
90
78
81
85
63
83
69
82
69
85
79
79
53
78
88
70
61
65
69
69
71
67
43
50
69
66
70
70
53
67
61
52
46
57
47
46
41
47
56
42
47
44
41
35
44
32
38
41
44
33
37
37
36
43
31
34
28
38
41
39
34
25
37
26
38
27
21
29
32
38
18
20
18
25
24
25
21
15
22
18
22
19
18
26
13
27
19
25
16
18
13
13
12
17
16
17
13
15
11
17
15
11
10
20
17
13
17
9
16
9
6
9
10
10
15
3
10
7
8
12
5
8
12
5
9
5
9
5
6
6
9
8
6
5
8
6
9
5
8
11
4
0
3
5
2
7
5
4
4
2
5
4
4
5
8
3
2
3
2
3
4
3
6
6
6
7
2
3
4
2
0
4
5
2
1
8
0
2
4
4
3
2
6
4
2
1
1
3
5
1
3
4
2
2
3
1
3
4
0
0
2
2
2
2
1
3
2
1
1
2
1
3
1
4
3
3
2
5
0
2
3
1
4
2
0
0
2
1
2
0
0
0
2
0
0
1
2
3
3
1
1
2
0
0
1
0
0
3
1
1
2
1
0
0
0
0
1
1
0
0
0
0
1
1
1
2
0
1
2
0
1
0
1
0
0
0
1
1
0
2
0
1
1
0
0
0
0
0
0
1
0
0
0
0
0
0
0
0
1
0
0
0
0
0
0
0
0
0
0
1
0
2
0
0
0
1
0
0
0
0
0
1
0
0
0
0
0
0
0
0
0
0
0
0
0
1
1
0
0
0
0
1
0
0
0
0
0
0
0
0
0
0
0
0
0
1
0
0
0
0
0
0
0
0
0
0
0
0
0
0
0
0
0
0
0
0
0
0
0
0
0
0
0
0
0
0
0
0
0
0
0
0
1
0
0
0
0
0
0
0
0
0
0
0
0
0
0
0
0
0
0
1
0
0
0
0
0
0
0
1
0
0
0
0
0
0
0
0
0
0
0
0
0
0
0
0
0
0
0
0
0
0
0
0
0
0
0
1
0
0
0
0
0
0
0
0
0
0
0
0
0
0
0
0
0
0
0
0
0
0
0
0
0
0
0
0
0
0
0
0
0
0
0
0
0
0
0
0
0
0
0
0
0
0
0
0
0
0
0
0
0
0
0
0
0
0
0
0
0
0
0
0
0
0
0
0
0
0
0
0
0
0
0
0
0
0
0
0
0
0
0
0
0
0
0
0
0
0
0
0
0
0
0
0
0
0
0
0
0
0
0
0
0
0
0
0
0
0
0
0
0
0
0
0
0
0
0
0
0
0
0
0
0
0
0
0
0
0
0
0
0
0
0
0
0
0
0
0
0
0
0
0
0
0
0
0
0
0
0
0
0
0
0
0
0
0
0
0
0
0
0
0
0
0
0
0
0
0
0
0
0
0
0
0
0
0
0
0
0
0
0
0
0
0
0
0
0
0
0
0
0
0
0
0
0
0
0
0
0
0
0
0
0
0
