1670
142
157
133
158
165
189
211
205
229
242
300
263
278
322
349
353
393
414
467
460
479
565
616
651
688
745
814
878
913
958
1064
1110
1264
1335
1332
1513
1517
1646
1763
1894
1947
2040
2197
2384
2555
2559
2711
3020
3168
3211
3409
3596
3693
3866
4212
4174
4534
4796
4945
5159
5216
5466
5717
5898
6280
6580
6736
6979
7125
7325
7657
7830
8056
8454
8477
8897
9180
9196
9637
9544
10047
10379
10337
10665
10716
10904
10996
11176
11396
11584
11644
12008
12240
12225
12528
12577
12610
13002
12995
16074
12956
12903
12591
12512
12309
11937
11773
11575
11327
11258
11084
10807
10681
10405
10286
10057
9899
9864
9381
9233
8917
8852
8667
8309
7994
7992
7708
7717
7202
7007
6895
6528
6270
6346
6035
5895
5537
5487
5173
5132
4706
4736
4584
4234
4181
3907
3818
3604
3574
3359
3151
3022
2919
2708
2613
2435
2329
2089
2039
1933
1841
1728
1695
1636
1484
1313
1345
1220
1176
1142
1034
883
817
865
718
718
670
668
579
555
533
489
476
452
382
318
338
314
317
255
265
253
244
182
187
193
184
151
202
1750
