0
0
0
0
0
0
0
0
0
0
0
0
0
0
0
0
0
0
0
0
0
0
0
0
0
0
0
0
0
0
0
0
0
0
0
0
0
0
0
0
0
0
0
0
0
0
0
0
0
0
0
0
0
0
0
0
0
0
0
0
0
0
0
0
0
0
0
0
0
0
0
0
0
0
0
0
0
0
0
0
0
0
0
0
0
0
0
0
0
0
0
0
0
0
0
0
0
0
0
0
0
0
0
0
0
0
0
0
0
0
0
0
0
0
0
0
0
0
0
0
0
0
0
0
0
0
0
0
0
0
0
0
0
0
0
0
0
0
0
0
0
0
0
0
0
0
0
0
0
0
0
0
0
0
0
0
0
0
0
0
0
0
0
0
0
0
0
0
0
0
0
0
0
0
0
0
0
0
0
0
0
0
0
0
0
0
0
0
0
0
0
0
0
0
0
0
0
0
0
0
0
0
0
0
0
0
0
0
0
0
0
0
0
0
0
0
0
0
0
0
0
0
0
0
0
0
0
0
0
0
0
0
0
0
0
0
0
0
0
0
0
0
0
0
0
0
0
0
0
0
0
0
0
0
0
0
0
0
0
0
0
0
0
0
0
0
0
0
0
0
0
0
0
0
0
0
0
0
0
0
0
0
0
0
0
0
0
0
0
0
0
0
0
0
0
0
0
0
0
0
0
0
0
0
0
0
0
0
0
0
0
0
0
0
0
0
0
0
0
0
0
0
0
0
0
0
0
0
0
0
0
0
0
0
0
0
0
0
0
0
0
0
0
0
0
0
0
0
0
0
0
0
0
0
0
0
0
0
1
0
0
1
0
0
0
0
0
0
0
0
0
0
0
0
0
0
0
0
0
0
1
0
0
1
0
0
0
1
0
0
0
0
0
1
0
0
0
0
0
3
1
0
1
0
1
0
0
0
2
0
1
0
2
0
1
0
0
0
2
0
1
0
0
0
1
1
0
0
1
1
3
0
2
3
0
1
0
0
1
2
0
0
2
2
2
1
2
0
0
0
0
0
1
0
2
0
1
0
3
2
2
0
3
3
0
1
2
0
0
1
1
1
0
1
1
3
2
2
0
1
3
2
4
1
3
1
2
2
2
0
3
1
5
3
1
5
6
4
3
5
6
4
7
4
2
2
9
8
5
4
6
8
1
8
2
6
8
6
8
2
7
6
5
7
8
5
9
8
5
16
4
5
7
8
13
11
4
2
5
7
6
10
9
6
11
9
8
10
10
7
4
11
13
10
5
11
5
16
12
18
11
10
19
14
15
20
22
15
12
17
7
31
13
15
14
14
18
12
19
14
27
16
17
28
17
25
16
28
13
26
28
18
28
9
36
32
22
21
37
31
35
25
26
40
29
43
30
14
47
24
34
34
46
24
28
27
24
46
44
43
39
51
48
39
41
36
67
45
49
47
20
83
49
50
52
49
60
60
48
48
70
74
56
66
48
95
60
74
65
78
67
70
73
53
99
92
85
65
43
136
90
83
72
121
92
106
103
57
127
111
97
101
121
107
93
123
110
149
120
128
133
76
198
150
152
141
163
139
183
150
110
191
164
180
179
99
258
177
193
132
215
197
206
206
137
273
223
217
228
236
243
241
249
222
300
241
256
259
174
395
265
290
270
296
292
306
279
229
385
314
322
316
185
485
367
376
315
390
376
354
386
301
474
432
281
481
268
598
461
442
389
382
644
403
571
495
488
456
404
689
434
608
575
568
552
367
743
505
659
592
651
639
351
932
514
804
703
696
735
693
717
600
961
741
741
745
819
742
612
986
792
890
796
903
857
630
1156
889
960
919
915
1007
611
1334
899
1148
1030
1068
1071
602
1547
896
1281
1158
1122
1122
600
1676
975
1472
1269
1212
1291
1311
1257
1059
1615
1422
1363
1391
1317
1364
1048
1825
1430
1478
1468
1478
1564
1082
2036
1539
1757
1562
1693
1656
1048
2282
1566
1841
1793
1840
1930
1183
2464
1608
2046
1857
2052
1945
1229
2790
1820
2312
2036
2039
2064
2122
2160
1854
2552
2253
2269
1546
2050
3251
2377
2250
2510
2416
2553
1981
2853
2669
2506
2690
2569
2545
1899
3174
2873
2711
2767
2740
2692
1890
3488
3203
2945
2900
3042
2882
2940
2432
3558
3104
3037
3190
3122
3171
2301
3975
3404
3305
3260
3418
3312
2149
4413
3759
3482
3540
3546
3635
3515
2979
4291
3680
3483
4013
3762
3826
2973
4645
3888
3957
4025
3950
2734
5060
3936
4202
3242
5039
4176
4073
3695
4653
4246
2809
5684
4113
4596
3290
5408
4246
4457
4199
4765
4530
4539
4641
4453
4794
3749
5572
4634
4763
4517
4013
5550
4657
5138
4744
4948
4906
4927
4279
4248
5874
4559
5725
4966
5209
4929
5098
3873
5382
5536
5428
5244
5086
4679
4965
5606
5268
3999
5559
4861
5353
3971
5393
4975
5602
3820
5303
5395
4902
4680
4994
5034
5317
5307
5183
3614
5063
4825
4954
4752
5393
4364
5771
4191
4094
4837
4718
4798
4518
4943
4367
5265
3881
4402
4661
4592
5321
3572
4647
4151
4265
4241
4359
4581
3975
4199
4112
5089
3224
4266
3910
5575
2630
4128
4525
3703
4099
3971
4802
3032
3998
3788
4931
2637
3764
3708
3704
3738
4579
2703
3603
3772
3853
3310
3515
4133
2895
3426
3328
3416
3272
3254
3643
4111
2044
3123
3132
3127
3124
3234
3880
2120
3092
2944
3103
2786
2924
3353
2184
2763
2805
2944
2762
2697
3067
3303
1709
2672
2637
2551
2506
2661
2880
1797
2448
2429
2527
2286
2490
2650
1707
2240
2281
2312
2098
2341
3074
1949
1428
2219
2043
2253
1755
1909
2039
1879
1976
1927
2184
1723
2598
1163
1706
1847
1866
1898
1627
2286
1134
1723
1638
1731
1670
1552
2167
1078
1576
1551
1525
1518
1421
1802
1045
1457
1389
1446
1321
1345
1707
1045
1303
1295
1264
1241
1293
1424
956
1248
1179
1142
1169
1111
1338
860
1532
578
1000
1012
1114
1106
883
1362
600
958
960
887
1001
827
1242
588
885
843
885
924
759
1075
536
771
845
764
745
727
949
552
748
725
736
666
719
852
527
664
692
637
658
610
794
511
876
358
586
631
562
659
452
755
311
543
528
468
602
413
676
333
439
448
489
503
409
606
340
375
408
424
568
251
469
313
356
475
281
395
355
369
371
311
345
321
455
198
302
313
307
378
209
324
262
257
312
270
269
230
350
164
268
273
209
274
180
247
220
218
238
205
223
201
224
146
207
154
186
193
162
176
158
245
83
152
160
174
209
112
145
164
169
158
118
124
141
180
69
126
130
126
143
67
122
132
109
119
86
97
107
128
68
97
84
94
116
95
78
76
119
37
75
68
79
96
68
70
71
69
91
63
49
73
92
34
54
75
60
76
48
58
50
52
71
55
57
47
63
48
48
49
51
65
49
42
42
44
53
31
47
46
65
31
35
48
31
45
34
29
40
46
19
27
39
27
45
19
30
25
33
30
24
38
28
47
14
30
35
25
23
17
17
14
25
30
17
32
31
20
11
23
28
14
13
12
16
16
13
8
13
13
12
20
17
15
19
15
13
11
8
9
24
4
10
11
9
7
9
13
7
12
8
9
13
8
8
5
9
11
9
13
5
7
4
10
8
6
3
8
5
6
6
8
14
4
4
11
3
3
0
10
5
6
7
1
2
6
2
3
3
6
4
2
4
4
5
3
3
7
3
4
2
5
3
1
3
3
7
3
2
4
5
2
4
2
4
0
1
5
0
2
5
0
0
2
0
5
0
0
1
2
3
3
0
4
2
5
2
1
3
4
3
2
1
3
0
2
0
1
2
0
1
2
2
2
1
0
0
2
2
1
1
1
1
0
3
2
0
0
0
1
1
1
0
0
0
0
0
0
1
1
1
0
1
1
0
1
1
1
1
1
1
0
1
0
0
2
0
1
0
1
0
0
0
2
0
0
1
1
0
0
0
0
0
1
0
0
0
1
0
0
0
0
0
0
0
0
0
0
1
0
0
1
0
2
0
0
0
1
0
0
0
0
1
0
0
0
1
0
0
0
0
0
0
1
1
0
0
0
1
0
0
0
0
1
1
0
0
0
0
0
0
0
0
0
1
0
0
0
0
0
0
0
1
0
0
0
0
0
0
0
0
1
0
0
0
0
0
0
0
0
0
0
0
0
0
0
0
0
0
0
0
0
0
0
0
0
0
0
0
0
0
0
0
0
0
0
0
0
0
0
0
0
0
0
0
0
0
0
0
0
0
0
2
0
0
0
0
0
0
0
0
0
0
0
0
0
0
0
0
0
0
0
0
0
0
0
0
0
0
0
0
0
0
0
0
0
0
0
0
0
0
0
0
0
0
0
0
0
0
0
0
0
0
0
0
0
0
0
0
0
0
0
0
0
0
0
0
0
0
0
0
0
0
0
0
0
0
0
0
0
0
0
0
0
0
0
0
0
0
0
0
0
0
0
0
0
0
0
0
0
0
0
0
0
0
0
0
0
0
0
0
0
0
0
0
0
0
0
0
0
0
0
0
0
0
0
0
0
0
0
0
0
0
0
0
0
0
0
0
0
0
0
0
0
0
0
0
0
0
0
0
0
0
0
0
0
0
0
0
0
0
0
0
0
0
0
0
0
0
0
0
0
0
0
0
0
0
0
0
0
0
0
0
0
0
0
0
0
0
0
0
0
0
0
0
0
0
0
0
0
0
0
0
0
0
0
0
0
0
0
0
0
0
0
0
0
0
0
0
0
0
0
0
0
0
0
0
0
0
0
0
0
0
0
0
0
0
0
0
0
0
0
0
0
0
0
0
0
0
0
0
0
0
0
0
0
0
0
