0
0
0
0
0
0
0
0
0
0
0
0
0
0
0
0
0
0
0
0
0
0
0
0
0
0
0
0
0
0
0
0
0
0
0
0
0
0
0
0
0
0
0
0
0
0
0
0
1
1
1
1
5
11
11
24
15
26
33
44
42
75
96
140
131
172
198
242
303
369
396
548
724
862
1087
1287
1591
1976
2313
2576
2971
3511
4170
4740
5411
6338
7369
8554
9654
11467
13300
15645
18633
21526
25662
30243
36113
42706
51008
63104
90069
62468
51199
42127
35865
30156
25980
21658
18402
15325
13463
11553
9493
8271
7182
6152
5177
4607
3882
3433
2804
2321
1982
1852
1605
1364
1137
975
824
710
575
473
402
319
290
226
181
127
91
79
60
43
51
46
44
44
22
20
13
12
1
2
0
1
1
1
0
0
0
0
2
0
0
0
0
0
0
0
0
0
0
0
0
0
0
0
0
0
0
0
0
0
0
0
0
0
0
0
0
0
0
0
0
0
0
0
0
0
0
0
0
