0
0
0
0
0
0
0
0
0
0
0
0
0
0
0
0
0
0
0
0
0
0
0
0
0
0
0
0
0
0
0
0
0
0
0
0
0
0
0
0
1
1
2
1
2
2
5
7
3
7
8
13
11
18
22
19
37
35
45
60
79
82
105
109
151
209
247
282
293
367
487
609
683
848
1076
1337
1686
1950
2301
2658
3001
3622
4165
4919
5708
6506
7438
8432
10059
11603
13515
15723
18428
21275
25094
29461
35308
41244
49911
61479
91002
62517
50971
42709
36115
30645
25861
22292
18784
15922
14043
11980
9953
8604
7368
6089
5202
4467
3698
3312
2781
2455
2079
1741
1596
1358
1144
987
813
588
505
444
359
253
240
162
142
124
114
85
61
55
50
35
35
22
13
13
7
12
8
7
3
2
1
4
1
2
1
0
1
0
2
0
0
0
0
0
0
0
0
0
0
0
0
0
0
0
0
0
0
0
0
0
0
0
0
0
0
0
0
0
0
0
0
0
0
0
0
0
0
