0
0
0
0
0
0
0
0
0
0
0
0
0
0
0
0
0
0
0
0
0
0
0
0
0
0
0
0
0
0
0
0
0
0
0
0
0
0
0
0
0
0
0
0
0
0
0
0
0
0
0
0
0
0
0
0
0
0
0
0
0
0
0
0
0
0
0
0
0
0
0
0
0
0
0
0
0
0
0
0
0
0
0
0
0
0
0
0
0
0
0
0
0
0
0
0
0
0
0
0
0
0
0
0
0
0
0
0
0
0
0
0
0
0
0
0
0
0
0
0
0
0
0
0
0
0
0
0
0
0
0
0
0
0
0
0
0
0
0
0
0
0
0
0
0
0
0
0
0
0
0
0
0
0
0
0
0
0
0
0
0
0
0
0
0
0
0
0
0
0
0
0
0
0
0
0
0
0
0
0
0
0
0
0
0
0
0
0
0
0
0
0
0
0
0
0
0
0
0
0
0
0
0
0
0
0
0
0
0
0
0
0
0
0
0
0
0
0
0
0
0
0
0
0
0
0
0
0
0
0
0
0
0
0
0
0
0
0
0
0
0
0
0
0
0
0
0
0
0
0
0
0
0
0
0
0
0
0
0
0
0
0
0
0
0
0
0
0
0
0
0
0
0
0
0
0
0
0
0
0
0
0
0
0
0
0
0
0
0
0
0
0
0
0
0
0
0
0
0
0
0
0
0
0
0
0
0
0
0
0
0
0
0
0
0
0
0
0
0
0
0
0
0
0
0
0
0
0
0
0
0
0
0
0
0
0
0
0
0
0
0
0
0
0
0
0
0
0
0
0
0
0
0
0
0
0
0
0
0
0
0
0
0
0
0
0
0
0
0
0
0
0
0
0
0
0
0
0
0
0
0
0
0
0
0
0
0
0
0
0
0
0
0
0
0
0
0
0
0
0
0
0
0
0
0
0
0
0
0
0
0
0
0
0
0
0
0
0
0
0
0
0
0
0
0
0
0
0
0
0
0
0
0
0
0
0
0
0
0
0
0
0
0
0
1
0
0
0
0
0
0
0
1
0
0
0
1
0
0
0
0
0
0
0
0
0
0
0
0
0
0
0
0
0
0
0
0
0
0
0
0
0
0
1
0
0
1
0
0
1
1
0
0
0
0
0
0
1
0
1
0
0
1
0
0
0
0
0
0
2
0
0
0
1
0
1
1
0
2
0
3
0
1
0
1
1
1
2
0
0
1
1
0
0
1
5
1
0
1
1
3
1
1
1
1
2
2
0
0
0
2
0
2
0
1
1
1
5
4
2
4
8
1
3
4
2
2
3
3
4
0
1
2
4
2
2
2
6
0
1
1
7
5
2
3
3
2
1
3
6
4
4
6
2
7
1
6
4
8
5
8
7
2
6
2
3
5
2
7
4
9
3
13
6
8
4
4
8
3
4
4
11
9
5
11
6
10
10
12
5
11
19
13
10
17
9
7
4
15
9
21
17
18
20
11
24
20
20
11
16
20
16
25
13
24
13
34
13
9
31
22
16
17
30
25
27
18
13
25
10
18
15
23
21
30
27
16
36
29
22
19
10
37
27
31
24
31
29
25
30
23
53
34
29
36
23
48
30
37
34
37
38
41
53
25
61
40
33
48
42
48
33
48
28
48
48
63
52
42
79
68
63
72
72
62
68
75
53
89
69
76
77
56
111
75
89
94
98
81
82
91
86
110
80
76
127
78
182
115
110
110
108
158
121
149
132
129
121
103
194
117
193
140
182
149
108
198
141
180
153
176
141
93
247
156
215
182
184
190
196
188
174
266
193
226
210
202
207
160
267
220
239
247
246
219
155
338
231
327
269
283
283
168
410
285
306
347
331
331
194
479
288
340
333
348
343
186
481
284
430
377
345
355
366
392
327
513
411
418
457
432
460
344
586
462
460
458
518
482
337
656
467
518
542
521
572
384
714
545
603
548
559
566
372
832
560
671
658
667
657
398
993
588
739
709
754
805
708
776
729
864
812
827
572
750
1172
891
858
915
907
875
670
1086
997
919
1045
1056
1041
778
1280
1138
1095
1114
1089
1140
751
1357
1309
1205
1165
1207
1271
1291
992
1540
1362
1288
1409
1438
1445
1016
1870
1547
1516
1516
1567
1639
1056
2014
1841
1827
1758
1833
1795
1811
1510
2241
1899
1835
2106
2034
2018
1601
2592
2179
2223
2253
2185
1589
3040
2355
2727
1980
3248
2619
2689
2383
3052
2883
1893
3903
2859
3059
2394
3936
3272
3222
3108
3678
3410
3526
3624
3438
4206
3152
4684
3998
4102
4085
3432
4868
4209
4691
4562
4601
4613
4832
4338
4295
6252
4776
6153
5516
5793
5741
6079
4645
6893
6956
6980
7113
7156
6936
7351
8185
8165
6431
8898
7753
8843
25780
8679
7651
8915
6404
7997
8216
7481
7134
7322
7259
6958
6982
6729
4615
6094
5851
5752
5563
6168
4835
6255
4320
4357
5028
4803
4770
4579
4765
4301
4858
3654
4088
4130
3931
4723
3047
4049
3550
3666
3632
3512
3763
3143
3316
3193
4020
2489
3221
2794
3856
1822
2870
3091
2476
2640
2606
3173
1975
2745
2398
3024
1701
2315
2320
2256
2192
2593
1651
2039
2087
2192
1936
1999
2217
1610
1827
1908
1810
1811
1711
1823
2020
1036
1618
1599
1562
1611
1549
1884
1055
1507
1444
1446
1311
1372
1589
1069
1323
1329
1259
1199
1202
1376
1437
763
1169
1079
1091
1023
1207
1225
732
1029
985
1031
907
1048
1075
686
876
949
871
842
846
1124
740
522
802
768
789
707
722
728
746
696
693
733
564
885
380
635
560
594
676
537
848
392
525
593
576
593
520
650
352
516
484
458
460
438
568
343
408
398
423
410
418
494
325
409
397
424
420
388
449
262
386
364
369
376
329
406
316
445
190
310
294
287
356
268
433
166
314
309
284
287
245
360
154
279
276
243
285
208
321
176
236
261
249
233
215
270
177
198
176
230
193
166
227
147
176
194
160
182
171
202
135
230
93
142
137
139
184
108
191
97
139
158
141
183
135
212
108
120
140
129
158
97
159
92
114
140
110
181
71
136
91
104
126
84
97
92
84
113
78
89
90
103
47
97
91
83
101
68
87
96
101
83
68
84
77
101
47
69
69
69
87
60
57
75
64
51
44
66
60
80
37
38
43
52
50
47
47
53
67
30
39
52
30
49
24
35
46
32
44
26
42
39
52
21
28
45
34
44
22
25
32
38
29
24
25
25
39
19
23
24
30
22
21
21
19
28
9
21
18
21
35
11
17
10
21
17
14
13
9
15
10
16
14
13
11
10
10
9
16
13
6
15
8
13
8
12
8
12
15
5
12
10
8
7
12
10
7
11
6
8
8
13
10
6
9
7
16
0
9
5
3
9
10
12
7
6
7
5
4
4
9
0
6
6
6
6
5
4
4
6
7
2
5
5
4
2
3
3
2
4
2
6
2
5
1
4
1
5
1
1
1
1
0
2
2
4
0
3
0
1
2
0
0
1
2
2
2
1
1
2
0
1
1
2
0
2
1
0
1
1
2
0
1
1
0
1
1
0
0
0
0
0
0
0
2
1
0
0
0
0
0
2
1
0
1
0
0
0
0
0
0
0
0
0
0
1
0
0
0
0
0
0
0
0
0
0
0
0
0
2
0
0
0
0
0
0
0
0
0
0
0
0
0
0
0
0
0
0
0
0
0
0
0
0
0
0
0
0
0
0
0
0
0
0
0
0
0
0
1
0
0
0
0
0
0
0
0
0
0
0
1
0
0
0
0
0
0
0
0
0
0
0
0
0
0
0
0
0
0
0
0
0
0
0
0
0
0
0
0
0
0
0
0
0
0
0
0
0
0
0
0
0
0
0
0
2
0
0
0
0
0
0
0
0
0
0
0
0
0
0
0
0
0
0
0
0
0
0
0
0
0
0
0
0
0
0
0
0
0
0
0
0
0
0
0
0
0
0
0
0
0
0
0
0
0
0
0
0
0
0
0
0
0
0
0
0
0
0
0
0
0
0
0
0
0
0
0
0
0
0
0
0
0
0
0
0
0
0
0
0
0
0
0
0
0
0
0
0
0
0
0
0
0
0
0
0
0
0
0
0
0
0
0
0
0
0
0
0
0
0
0
0
0
0
0
0
0
0
0
0
0
0
0
0
0
0
0
0
0
0
0
0
0
0
0
0
0
0
0
0
0
0
0
0
0
0
0
0
0
0
0
0
0
0
0
0
0
0
0
0
0
0
0
0
0
0
0
0
0
0
0
0
0
0
0
0
0
0
0
0
0
0
0
0
0
0
0
0
0
0
0
0
0
0
0
0
0
0
0
0
0
0
0
0
0
0
0
0
0
0
0
0
0
0
0
0
0
0
0
0
0
0
0
0
0
0
0
0
0
0
0
0
0
0
0
0
0
0
0
0
0
0
0
0
0
0
0
0
0
0
0
0
0
0
0
0
0
0
0
0
0
0
0
0
0
0
0
0
0
0
0
0
0
0
0
0
0
0
0
0
0
0
0
0
0
0
0
0
0
0
0
0
0
0
0
0
0
0
0
0
0
0
0
0
0
0
0
0
0
0
0
0
0
0
0
0
0
0
0
0
0
0
0
0
0
0
0
0
0
0
0
0
0
0
0
0
0
0
0
0
0
0
0
0
0
0
0
0
0
0
0
0
0
0
0
0
0
0
0
0
0
0
0
0
0
0
0
0
0
0
0
0
0
0
0
0
0
0
0
0
0
0
0
0
0
