1166
87
80
96
100
89
86
99
114
97
119
155
134
134
179
197
189
211
240
212
288
240
281
312
321
345
372
436
407
464
544
526
580
617
599
705
746
809
913
913
1033
1134
1130
1217
1316
1380
1450
1616
1724
1853
1932
1982
2259
2400
2472
2691
2800
3037
3243
3407
3562
3754
4026
4343
4484
4713
4957
5098
5520
5869
6278
6642
6850
7068
7453
7803
8065
8386
8963
9425
9795
10008
10520
10951
11399
12109
12397
12978
13169
13972
14411
14935
15441
15737
16064
16410
16807
17357
17727
17956
21359
18234
17416
17331
16855
16566
16531
15976
15410
14899
14536
13987
13643
13389
12660
12280
11692
11562
10871
10423
9897
9496
8958
8821
8370
7813
7747
7300
6953
6647
6259
5976
5662
5326
5175
4883
4750
4327
4101
3824
3571
3323
3229
3055
2801
2503
2457
2343
2188
2011
1814
1810
1641
1524
1436
1345
1191
1118
1090
1017
991
947
784
758
748
675
662
577
551
557
505
452
441
394
357
338
297
299
270
218
251
203
187
191
169
180
175
131
124
113
117
103
117
105
101
77
66
70
72
109
854
