0
0
0
0
0
0
0
0
0
0
0
0
0
0
0
0
0
0
0
0
0
0
0
0
0
0
0
0
0
0
0
0
0
0
0
0
0
0
0
0
0
0
0
0
0
0
0
0
0
0
0
0
0
0
0
0
0
0
0
0
0
0
0
0
0
0
0
0
0
0
0
0
0
0
0
0
0
0
0
0
0
0
0
0
0
0
0
0
0
0
0
0
0
0
0
0
0
0
0
0
0
0
0
0
0
0
0
0
0
0
0
0
0
0
0
0
0
0
0
0
0
0
0
0
0
0
0
0
0
0
0
0
0
0
0
0
0
0
0
0
0
0
0
0
0
0
0
0
0
0
0
0
0
0
0
0
0
0
0
0
0
0
0
0
0
0
0
0
0
0
0
0
0
0
0
0
0
0
0
0
0
0
0
0
0
0
0
0
0
0
0
0
0
0
0
0
0
0
0
0
0
0
0
0
0
0
0
0
0
0
0
0
0
0
0
0
0
0
0
0
0
0
0
0
0
0
0
0
0
0
0
0
0
0
0
0
0
0
0
0
0
0
0
0
0
0
0
0
0
0
0
0
0
0
0
0
0
0
0
0
0
0
0
0
0
0
0
0
0
0
0
0
0
0
0
0
0
0
0
0
0
0
0
0
0
0
0
0
0
0
0
0
0
0
0
0
0
0
0
0
0
0
0
0
0
0
0
0
0
0
0
0
0
0
0
0
0
0
0
0
0
0
0
0
0
0
0
0
0
0
0
0
0
0
0
0
0
0
0
0
0
0
0
0
0
0
0
0
0
0
0
0
0
0
0
0
0
0
0
0
0
0
0
0
0
0
0
0
0
0
0
0
0
0
0
0
0
0
0
0
0
0
0
0
0
0
0
0
0
0
0
0
0
0
0
0
0
0
0
0
0
0
0
0
0
0
0
0
0
0
0
0
0
0
0
0
0
0
0
0
0
0
0
0
0
0
0
0
0
0
0
0
0
0
0
0
0
0
0
0
0
0
0
0
0
0
0
0
0
0
0
0
0
0
0
0
0
0
0
0
0
0
0
0
0
0
0
0
0
0
0
0
0
0
0
0
0
0
0
0
0
0
0
0
0
0
0
0
0
0
0
0
0
0
0
0
0
0
0
0
0
0
0
0
0
0
0
0
0
0
0
0
0
0
0
0
0
0
0
0
0
0
0
0
0
0
0
0
0
0
0
0
0
0
0
0
0
0
0
0
0
0
0
0
0
1
0
0
0
0
0
1
1
0
0
0
0
0
0
0
0
0
0
0
0
0
0
0
0
0
1
0
0
1
0
0
0
0
0
0
0
0
0
0
0
0
0
0
0
0
0
0
0
0
0
1
0
0
0
0
0
0
0
0
0
0
0
1
0
0
0
0
0
0
0
0
0
0
0
0
0
0
1
0
0
0
0
0
0
0
0
0
0
0
0
0
0
1
0
0
1
0
0
0
0
0
0
2
2
0
1
1
3
0
0
1
3
0
2
1
0
2
2
2
1
1
1
0
2
3
2
1
2
0
1
2
5
2
1
2
2
2
0
3
1
1
0
1
1
4
5
2
3
0
0
2
1
0
4
4
3
0
3
5
1
1
2
3
5
3
3
3
0
0
1
3
1
6
1
3
2
5
3
3
5
3
2
2
2
7
2
3
3
4
5
0
2
3
5
4
3
5
5
6
4
3
6
6
7
4
8
8
4
5
10
6
8
4
8
7
7
6
11
12
14
6
12
9
12
12
5
7
12
14
9
19
15
14
6
16
13
21
16
16
20
25
16
20
19
18
21
30
23
34
18
24
38
30
40
40
27
35
38
40
31
35
37
38
38
42
47
35
39
32
45
51
40
51
49
57
45
55
45
61
57
51
59
53
63
59
54
68
62
85
73
71
83
77
83
67
72
92
100
99
123
109
116
113
120
108
138
119
137
148
156
152
146
181
172
191
197
228
181
204
191
243
258
269
250
265
255
270
285
284
300
319
261
322
355
360
326
366
348
369
375
438
408
470
460
444
450
488
532
529
592
585
642
632
711
704
690
750
825
876
874
897
989
987
1012
1088
1085
1047
1153
1233
1276
1199
1265
1488
1437
1644
1553
1654
1663
1904
1801
1855
1839
2078
2049
2097
2355
2306
2428
2476
2764
2608
2765
3114
3017
3102
3430
3271
3201
3514
3920
3677
3853
3912
4504
4277
4249
4496
4455
4585
5119
4856
5183
5442
5812
5364
5439
6025
5956
6068
6294
7198
6608
7063
6040
7360
7207
7684
7402
7636
7678
8160
7765
7849
8582
8445
8550
8659
9599
9174
9135
9003
9871
9497
10079
8959
10536
10190
10922
9936
10139
10235
10922
10079
10118
11207
28179
10454
10216
10720
9889
9696
9937
10639
10158
11260
10158
9720
9700
10136
9415
9222
9129
10020
9144
8794
9249
8526
8319
8894
7834
8025
7986
8458
7449
7350
7741
6900
6749
6649
7134
6732
6267
6321
6481
5716
5814
5575
5280
5375
5401
4857
4833
4459
4749
4391
4150
4364
4084
3894
3775
3853
3444
3350
3249
3377
2986
3309
2925
2781
2736
2853
2569
2512
2475
2536
2290
2180
2277
1945
2003
1875
1927
1729
1747
1656
1584
1482
1508
1355
1312
1299
1361
1252
1175
1173
1148
1034
1087
1031
950
902
901
859
783
804
775
713
675
669
636
607
551
575
570
524
481
525
505
497
399
428
440
435
396
324
387
348
321
312
297
311
289
257
316
255
234
222
237
218
197
186
205
151
190
165
172
168
133
133
151
203
130
133
141
129
116
153
122
99
98
107
85
91
81
85
73
73
70
69
55
62
58
51
53
56
46
54
40
35
55
38
53
48
44
38
37
34
31
32
24
25
24
28
16
25
20
28
26
18
31
26
15
26
15
14
23
19
9
10
17
15
14
18
10
9
10
14
13
16
8
9
13
7
17
6
20
9
13
9
8
3
9
4
9
11
5
3
6
5
3
6
5
5
9
7
8
8
10
5
3
7
8
4
5
6
8
4
5
4
2
9
6
1
5
5
5
2
3
5
6
6
3
5
6
0
1
2
2
1
1
3
1
1
1
2
3
2
0
1
1
0
1
2
0
1
0
1
0
0
1
1
1
0
1
0
0
0
1
2
0
0
2
1
1
0
1
1
0
1
0
2
1
0
0
2
0
0
0
1
1
0
0
0
0
0
0
1
1
0
0
0
0
0
1
0
0
0
0
1
0
1
0
0
0
0
1
0
1
0
1
0
0
0
0
1
0
0
0
1
1
0
0
0
0
0
1
2
1
1
0
0
0
0
0
0
0
0
2
0
0
0
1
0
0
0
0
0
0
0
0
0
0
0
0
0
0
0
0
0
0
0
0
0
0
0
0
0
0
0
0
0
0
0
0
0
0
0
0
0
0
0
0
0
0
0
0
0
0
0
0
0
0
0
0
0
0
0
0
0
0
0
0
0
0
0
0
0
0
0
0
0
0
0
0
0
0
0
0
0
0
0
0
0
0
0
0
0
0
0
0
0
0
0
0
0
0
0
0
0
0
0
0
0
0
0
0
0
0
0
0
0
0
0
0
0
0
0
0
0
0
0
0
0
0
0
0
0
0
0
0
0
0
0
0
0
0
0
0
0
0
0
0
0
0
0
0
0
0
0
0
0
0
0
0
0
0
0
0
0
0
0
0
0
0
0
0
0
0
0
0
0
0
0
0
0
0
0
0
0
0
0
0
0
0
0
0
0
0
0
0
0
0
0
0
0
0
0
0
0
0
0
0
0
0
0
0
0
0
0
0
0
0
0
0
0
0
0
0
0
0
0
0
0
0
0
0
0
0
0
0
0
0
0
0
0
0
0
0
0
0
0
0
0
0
0
0
0
0
0
0
0
0
0
0
0
0
0
0
0
0
0
0
0
0
0
0
0
0
0
0
0
0
0
0
0
0
0
0
0
0
0
0
0
0
0
0
0
0
0
0
0
0
0
0
0
0
0
0
0
0
0
0
0
0
0
0
0
0
0
0
0
0
0
0
0
0
0
0
0
0
0
0
0
0
0
0
0
0
0
0
0
0
0
0
0
0
0
0
0
0
0
0
0
0
0
0
0
0
0
0
0
0
0
0
0
0
0
0
0
0
0
0
0
0
0
0
0
0
0
0
0
0
0
0
0
0
0
0
0
0
0
0
0
0
0
0
0
0
0
0
0
0
0
0
0
0
0
0
0
0
0
0
0
0
0
0
0
0
0
0
0
0
0
0
0
0
0
0
0
0
0
0
0
0
0
0
0
0
0
0
0
0
0
0
0
0
0
0
0
0
0
0
0
0
0
0
0
0
0
0
0
0
0
0
0
0
0
0
0
0
0
0
0
0
0
0
0
0
0
0
0
0
0
0
0
0
0
0
0
0
0
0
0
0
0
0
0
0
0
0
0
0
0
0
0
0
0
0
0
0
0
0
0
0
0
0
0
0
0
0
0
0
0
0
0
0
0
0
0
0
0
0
0
0
0
0
0
0
0
0
0
0
0
0
0
0
0
0
0
0
0
0
0
0
0
0
0
0
0
0
0
0
0
0
0
0
0
0
0
0
0
0
0
0
0
0
0
0
0
0
0
0
0
0
0
0
0
0
0
0
0
0
0
0
0
0
0
0
0
0
0
0
0
0
0
0
0
0
0
0
0
0
0
0
0
0
0
0
0
0
0
0
0
0
0
0
