0
0
0
0
0
0
0
0
0
0
0
0
0
0
0
0
0
0
0
0
0
0
0
0
0
0
0
0
0
0
0
0
0
0
0
0
0
0
0
0
0
0
0
0
0
0
0
0
0
0
0
0
0
0
0
0
0
0
0
0
0
0
0
0
0
0
0
0
0
0
0
0
0
0
0
0
0
0
0
0
0
0
0
0
0
0
0
0
0
0
0
0
0
0
0
0
0
0
0
0
0
0
0
0
0
0
0
0
0
0
0
0
0
0
0
0
0
0
0
0
0
0
0
0
0
0
0
0
0
0
0
0
0
0
0
0
0
0
0
0
0
0
0
0
0
0
0
0
0
0
0
0
0
0
0
0
0
0
0
0
0
0
0
0
0
0
0
0
0
0
0
0
0
0
0
0
0
0
0
0
0
0
0
0
0
0
0
0
0
0
0
0
0
0
0
0
0
0
0
0
0
0
0
0
0
0
0
0
0
0
0
0
0
0
0
0
0
0
0
0
0
0
0
0
0
0
0
0
0
0
0
0
0
0
0
0
0
0
0
0
0
0
0
0
0
0
0
0
0
0
0
0
0
0
0
0
0
0
0
0
0
0
0
0
0
0
0
0
0
0
0
0
0
0
0
0
0
0
0
0
0
0
0
0
0
0
0
0
0
0
0
0
0
0
0
0
0
0
0
0
0
0
0
0
0
0
0
0
0
0
0
0
0
0
0
0
0
0
0
0
0
0
0
0
0
0
0
0
0
0
0
0
0
0
0
0
0
0
0
0
0
0
0
0
0
0
0
0
0
0
0
0
0
0
0
0
0
0
0
0
0
0
0
0
0
0
0
0
0
0
0
0
0
0
0
0
0
0
0
0
0
0
0
0
0
0
0
0
0
0
0
0
0
0
0
0
0
0
0
0
0
0
0
0
0
0
0
0
0
0
0
0
0
0
0
0
0
0
0
0
0
0
0
0
0
0
0
0
0
0
0
0
0
0
0
0
0
0
0
0
0
0
0
0
0
0
0
0
0
0
0
0
0
0
0
0
0
0
0
0
0
0
0
0
0
0
0
0
0
0
0
0
0
0
0
0
0
0
0
0
0
0
0
0
0
0
0
0
0
0
0
0
0
0
0
0
0
0
0
0
0
0
0
0
0
0
0
0
0
0
0
0
0
0
0
0
0
0
0
0
0
0
0
0
0
0
0
0
0
0
0
0
0
0
0
0
0
0
0
0
0
0
0
0
0
0
0
0
0
0
0
0
0
0
0
0
0
0
0
0
0
0
0
0
0
0
0
0
0
0
0
0
0
0
0
0
0
0
0
0
0
0
0
0
0
0
0
0
0
0
0
0
0
0
0
0
0
0
0
0
0
0
0
0
0
0
0
0
0
0
0
0
0
0
0
0
0
0
0
0
0
0
0
0
0
0
0
0
0
0
0
0
0
0
1
0
0
0
1
0
0
1
0
0
0
2
1
0
1
1
1
0
1
0
0
0
0
0
1
1
1
2
3
1
0
1
0
1
0
1
1
1
2
0
0
4
2
7
1
1
1
5
2
2
3
1
0
1
1
2
4
2
2
4
2
3
4
4
3
7
4
2
4
2
1
4
6
1
7
4
6
6
6
4
4
11
3
6
2
13
6
9
1
6
7
9
10
13
16
10
9
9
10
9
24
7
8
10
8
5
6
9
8
10
15
12
16
15
17
23
16
21
18
23
17
20
19
24
13
20
24
23
28
15
22
18
24
21
33
21
21
36
24
31
22
28
27
28
37
22
45
41
38
39
37
32
36
38
43
31
26
35
41
41
35
43
39
42
51
55
52
58
52
50
45
48
57
48
57
64
72
55
79
59
69
73
73
69
77
73
79
77
69
66
76
74
78
73
74
76
74
86
69
68
82
81
91
101
95
109
113
91
96
104
102
101
103
119
131
119
128
108
166
134
128
126
104
154
141
151
154
159
174
153
147
165
192
177
199
167
212
205
227
221
230
230
249
285
254
264
265
277
305
332
300
289
325
301
303
359
331
379
397
409
363
386
416
398
454
429
438
452
505
511
580
580
568
561
612
595
626
660
684
721
714
741
786
775
891
845
925
943
903
1031
1119
1052
1196
1275
1248
1261
1416
1369
1582
1689
1672
1774
1904
1901
1882
2154
2343
2144
2475
2394
2765
2831
2646
2924
3247
3367
3278
3581
3803
3727
4157
4084
4505
4693
4862
4704
5227
5546
5321
5831
5840
5892
6531
6637
6563
7294
7492
7915
7607
8135
8440
7878
9006
8819
9724
10017
9920
9510
10662
10928
10321
11326
11410
11097
12190
11553
12639
12696
13025
13414
12727
13602
12956
13663
13756
12911
31681
13713
12754
13793
13977
13378
12199
12847
12286
12723
12443
11669
12468
11860
11529
10326
10696
10691
9979
10306
9473
10108
9777
9333
8613
8847
8443
8185
7460
7744
7288
7341
7039
6437
6377
6235
5942
5464
5625
5247
4686
4820
4364
4560
4450
3883
4211
3917
3800
3448
3502
3431
2962
2965
2732
2863
2612
2529
2250
2338
2195
1961
2044
2013
1760
1841
1787
1583
1541
1468
1466
1301
1398
1256
1260
1204
1094
1135
1097
1050
901
956
934
878
873
810
722
753
727
714
700
683
685
614
589
552
542
564
529
523
499
482
484
457
433
411
424
373
404
392
342
388
379
357
353
320
324
316
308
261
289
253
289
244
256
246
225
215
217
180
213
176
204
186
170
180
164
144
145
149
162
130
143
146
114
145
128
130
114
139
137
114
102
100
94
91
93
91
110
97
77
87
97
80
64
66
63
59
76
58
64
58
49
63
42
61
54
49
54
45
40
55
41
41
35
40
44
37
38
36
43
36
26
39
26
29
32
36
40
28
30
36
38
39
23
26
24
16
19
21
26
16
17
35
17
22
16
24
22
21
22
21
12
20
20
14
13
18
13
13
18
10
14
9
17
17
14
13
10
14
5
11
13
13
11
12
14
9
8
11
9
7
13
12
9
8
3
4
9
5
11
8
4
6
5
11
9
8
7
7
7
4
4
12
9
12
7
11
9
4
7
4
4
8
7
8
7
4
7
4
4
3
1
5
0
6
4
3
4
7
3
6
3
2
4
7
6
2
2
2
8
3
2
4
5
4
3
3
2
1
3
1
3
5
3
2
2
5
1
1
2
4
2
2
1
4
2
3
4
3
3
2
2
2
3
1
0
0
1
0
1
4
0
0
1
0
0
0
1
1
2
1
0
1
1
1
1
0
0
2
2
2
0
0
0
0
3
1
0
0
1
0
1
1
1
0
0
0
0
0
1
1
0
0
0
1
3
1
0
0
0
0
1
0
0
2
1
1
1
0
0
0
0
0
1
0
0
0
0
1
0
0
0
0
0
0
0
0
0
0
0
0
0
0
0
1
0
0
0
1
0
0
0
0
0
0
0
0
1
0
0
0
0
0
0
0
0
0
0
0
0
0
0
0
0
0
0
0
0
0
0
0
0
0
0
0
0
0
0
0
0
0
0
0
0
0
0
0
0
0
0
0
0
0
0
0
0
0
0
0
0
0
0
0
0
0
0
0
0
0
0
0
0
0
0
0
0
0
0
0
0
0
0
0
0
0
0
0
0
0
0
0
0
0
0
0
0
0
0
0
0
0
0
0
0
0
0
0
0
0
0
0
0
0
0
0
0
0
0
0
0
0
0
0
0
0
0
0
0
0
0
0
0
0
0
0
0
0
0
0
0
0
0
0
0
0
0
0
0
0
0
0
0
0
0
0
0
0
0
0
0
0
0
0
0
0
0
0
0
0
0
0
0
0
0
0
0
0
0
0
0
0
0
0
0
0
0
0
0
0
0
0
0
0
0
0
0
0
0
0
0
0
0
0
0
0
0
0
0
0
0
0
0
0
0
0
0
0
0
0
0
0
0
0
0
0
0
0
0
0
0
0
0
0
0
0
0
0
0
0
0
0
0
0
0
0
0
0
0
0
0
0
0
0
0
0
0
0
0
0
0
0
0
0
0
0
0
0
0
0
0
0
0
0
0
0
0
0
0
0
0
0
0
0
0
0
0
0
0
0
0
0
0
0
0
0
0
0
0
0
0
0
0
0
0
0
0
0
0
0
0
0
0
0
0
0
0
0
0
0
0
0
0
0
0
0
0
0
0
0
0
0
0
0
0
0
0
0
0
0
0
0
0
0
0
0
0
0
0
0
0
0
0
0
0
0
0
0
0
0
0
0
0
0
0
0
0
0
0
0
0
0
0
0
0
0
0
0
0
0
0
0
0
0
0
0
0
0
0
0
0
0
0
0
0
0
0
0
0
0
0
0
0
0
0
0
0
0
0
0
0
0
0
0
0
0
0
0
0
0
0
0
0
0
0
0
0
0
0
0
0
0
0
0
0
0
0
0
0
0
0
0
0
0
0
0
0
0
0
0
0
0
0
0
0
0
0
0
0
0
0
0
0
0
0
0
0
0
0
0
0
0
0
0
0
0
0
0
0
0
0
0
0
0
0
0
0
0
0
0
0
0
0
0
0
0
0
0
0
0
0
0
0
0
0
0
0
0
0
0
0
0
0
0
0
0
0
0
0
0
0
0
0
0
0
0
0
0
0
0
0
0
0
0
0
0
0
0
0
0
0
0
0
0
0
0
0
0
0
0
0
0
0
0
0
0
0
0
0
0
0
