0
0
0
0
0
0
0
0
0
0
0
0
0
0
0
0
0
0
0
0
0
0
0
0
0
0
0
0
0
0
0
0
0
0
0
0
0
0
0
0
0
0
0
0
0
0
0
0
0
0
0
0
0
0
0
0
0
0
0
0
0
0
0
0
0
0
0
0
0
0
0
0
0
0
0
0
0
0
0
0
0
0
0
0
0
0
0
0
0
0
0
0
0
0
0
0
0
0
0
0
0
0
0
0
0
0
0
0
0
0
0
0
0
0
0
0
0
0
0
0
0
0
0
0
0
0
0
0
0
0
0
0
0
0
0
0
0
0
0
0
0
0
0
0
0
0
0
0
0
0
0
0
0
0
0
0
0
0
0
0
0
0
0
0
0
0
0
0
0
0
0
0
0
0
0
0
0
0
0
0
0
0
0
0
0
0
0
0
0
0
0
0
0
0
0
0
0
0
0
0
0
0
0
0
0
0
0
0
0
0
0
0
0
0
0
0
0
0
0
0
0
0
0
0
0
0
0
0
0
0
0
0
0
0
0
0
0
0
0
0
0
0
0
0
0
0
0
0
0
0
0
0
0
0
0
0
0
0
0
0
0
0
0
0
0
0
0
0
0
0
0
0
0
0
0
0
0
0
0
0
0
0
0
0
0
0
0
0
0
0
0
0
0
0
0
0
0
0
0
0
0
0
0
0
0
0
0
0
0
0
0
0
0
0
0
0
0
0
0
0
0
0
0
0
0
0
0
0
0
0
0
0
0
0
0
0
0
0
0
0
0
0
0
0
0
0
0
0
0
0
0
0
0
0
0
0
0
0
0
0
0
0
0
0
0
0
0
0
0
0
0
0
0
0
0
0
0
0
0
0
0
0
0
0
0
0
0
0
0
0
0
0
0
0
0
0
0
0
0
0
0
0
0
0
0
0
0
0
0
0
0
0
0
0
0
0
0
0
0
0
0
0
0
0
0
0
0
0
0
0
0
0
0
0
0
0
0
0
0
0
0
0
0
0
0
0
0
0
0
0
0
0
0
0
0
0
0
0
0
0
0
0
0
0
0
0
0
0
0
0
0
0
0
0
0
0
0
0
0
0
0
0
0
0
0
0
0
0
0
0
0
0
0
0
0
0
0
0
0
0
0
0
0
0
0
0
0
0
0
0
0
0
0
0
0
0
0
0
0
0
0
0
0
0
0
0
0
0
0
0
0
0
0
0
0
0
0
0
0
0
0
0
0
0
0
0
0
0
0
0
0
0
0
0
0
0
0
0
0
0
0
0
0
0
0
0
0
0
0
0
0
0
0
0
0
0
0
0
0
0
0
0
0
0
0
0
0
0
0
0
0
0
0
0
0
0
0
0
0
0
0
0
0
0
0
0
0
0
0
0
0
0
0
0
0
0
0
0
0
0
0
0
0
0
0
0
0
0
0
0
0
0
0
0
0
0
0
0
0
0
0
0
0
0
0
0
0
0
0
1
0
1
0
0
1
0
0
0
0
0
0
0
0
1
0
1
0
0
0
0
0
0
0
0
0
0
0
0
0
0
1
1
0
0
0
0
0
0
0
0
0
0
0
0
0
0
0
1
0
0
0
0
0
0
0
0
1
0
0
0
0
0
1
0
0
0
2
1
1
1
3
1
2
2
2
1
1
0
3
5
0
4
0
0
1
4
0
3
0
0
2
2
0
2
0
0
1
3
1
0
0
1
2
3
3
0
0
2
0
3
3
0
3
1
6
1
3
1
2
5
2
7
3
4
3
3
4
5
5
4
6
6
9
5
7
9
6
6
16
13
11
5
6
14
10
5
15
10
10
14
20
6
13
23
16
8
17
15
19
5
24
14
32
21
16
30
19
39
17
23
34
26
30
42
53
27
41
41
21
44
47
35
39
53
45
43
45
53
39
42
75
64
46
57
65
77
50
90
57
73
73
73
80
54
90
82
80
95
86
109
73
139
128
151
130
130
135
138
144
135
191
164
170
112
166
251
193
204
188
208
210
178
272
229
215
244
240
268
166
303
310
297
290
328
340
227
428
404
411
363
492
453
421
413
640
499
535
595
640
618
485
846
724
797
766
808
887
578
1156
967
960
1014
1201
1162
1202
1073
1554
1382
1302
1536
1640
1757
1375
2280
2012
2037
2137
2237
1714
3198
2592
2900
2183
3463
3021
3345
2928
3658
3515
2328
5222
3798
4316
3409
5620
4668
4797
4737
5478
5347
5635
5781
5985
6409
5054
7988
6629
6848
7109
6207
8623
7379
8542
8192
8737
8631
8769
8008
7661
11971
8740
11301
9964
10354
10415
10975
8334
12005
12692
12343
11902
12019
11320
11614
13163
12583
10088
13740
11646
13157
27130
13325
11603
13474
9920
12750
13214
11532
11257
12265
11986
12384
13062
12258
8389
11064
11007
10817
10305
11541
8832
12008
8114
8417
9198
9142
8737
8426
8661
7504
8983
6283
7126
7131
6719
7777
4861
6250
5770
5700
5574
5330
5609
4780
4921
4768
5703
3311
4317
4041
5329
2384
3633
3972
2896
3240
2995
3487
2126
2732
2538
3103
1637
2256
2171
2083
2053
2364
1460
1824
1682
1680
1517
1514
1609
1087
1261
1178
1218
1100
1128
1089
1188
594
888
849
795
768
734
818
496
630
594
582
526
501
579
355
474
404
430
403
380
400
363
200
289
273
265
285
288
272
179
203
192
199
199
209
207
135
181
175
169
135
180
186
124
88
112
109
140
102
93
97
97
93
98
106
82
112
52
51
71
46
63
71
75
36
45
50
48
55
64
67
27
43
51
48
42
34
49
25
25
27
36
18
27
36
20
30
28
23
24
17
31
15
10
15
13
9
9
18
14
15
7
8
9
6
14
5
9
5
6
8
7
8
5
15
3
2
4
4
5
6
8
3
3
10
7
8
6
6
0
5
4
7
3
4
4
5
2
4
4
3
3
4
1
5
1
1
3
7
3
3
6
0
2
3
5
2
3
0
4
0
2
3
1
2
4
2
4
2
2
3
0
5
1
1
3
0
4
1
2
1
4
3
2
3
0
2
3
3
0
0
0
0
0
0
1
0
0
2
0
0
1
0
1
1
0
0
0
0
1
1
0
0
1
1
0
0
2
0
0
0
2
0
0
0
2
0
0
0
1
0
0
0
1
0
2
0
0
0
0
1
0
1
0
2
0
0
0
0
1
1
0
1
0
0
1
1
0
2
0
1
0
2
0
0
0
0
0
0
0
0
0
0
0
0
0
0
0
1
0
0
0
0
0
0
0
0
0
0
0
0
0
0
0
0
0
0
0
0
0
1
0
0
0
0
0
1
0
0
0
0
0
0
0
0
0
0
0
0
0
0
1
0
0
0
0
0
0
0
0
1
0
1
0
0
0
0
0
0
0
0
0
0
0
0
0
0
0
0
0
0
0
0
0
0
0
0
0
0
0
0
0
0
0
0
0
0
0
0
0
0
0
0
0
0
0
0
0
0
0
0
0
0
0
0
0
0
0
0
0
0
0
0
0
0
0
0
0
0
0
0
0
0
0
0
0
0
0
0
0
0
0
0
0
0
0
0
0
0
0
0
0
0
0
0
0
0
0
0
0
0
0
0
0
0
0
0
0
0
0
0
0
0
0
0
0
0
0
0
0
0
0
0
0
0
0
0
0
0
0
0
0
0
0
0
0
0
0
0
0
0
0
0
0
0
0
0
0
0
0
0
0
0
0
0
0
0
0
0
0
0
0
0
0
0
0
0
0
0
0
0
0
0
0
0
0
0
0
0
0
0
0
0
0
0
0
0
0
0
0
0
0
0
0
0
0
0
0
0
0
0
0
0
0
0
0
0
0
0
0
0
0
0
0
0
0
0
0
0
0
0
0
0
0
0
0
0
0
0
0
0
0
0
0
0
0
0
0
0
0
0
0
0
0
0
0
0
0
0
0
0
0
0
0
0
0
0
0
0
0
0
0
0
0
0
0
0
0
0
0
0
0
0
0
0
0
0
0
0
0
0
0
0
0
0
0
0
0
0
0
0
0
0
0
0
0
0
0
0
0
0
0
0
0
0
0
0
0
0
0
0
0
0
0
0
0
0
0
0
0
0
0
0
0
0
0
0
0
0
0
0
0
0
0
0
0
0
0
0
0
0
0
0
0
0
0
0
0
0
0
0
0
0
0
0
0
0
0
0
0
0
0
0
0
0
0
0
0
0
0
0
0
0
0
0
0
0
0
0
0
0
0
0
0
0
0
0
0
0
0
0
0
0
0
0
0
0
0
0
0
0
0
0
0
0
0
0
0
0
0
0
0
0
0
0
0
0
0
0
0
0
0
0
0
0
0
0
0
0
0
0
0
0
0
0
0
0
0
0
0
0
0
0
0
0
0
0
0
0
0
0
0
0
0
0
0
0
0
0
0
0
0
0
0
0
0
0
0
0
0
0
0
0
0
0
0
0
0
0
0
0
0
0
0
0
0
0
0
0
0
0
0
0
0
0
0
0
0
0
0
0
0
0
0
0
0
0
0
0
0
0
0
0
0
0
0
0
0
0
0
0
0
0
0
0
0
0
0
0
0
0
0
0
0
0
0
0
0
0
0
0
0
0
0
0
0
0
0
0
0
0
0
0
0
0
0
0
0
0
0
0
0
0
0
0
0
0
0
0
0
0
0
0
0
0
0
0
0
0
0
0
0
0
0
0
0
0
0
