0
0
0
0
0
0
0
0
0
0
0
0
0
0
0
0
0
0
0
0
0
0
0
0
5
7
2
4
8
5
5
11
12
13
13
10
16
24
33
21
31
32
52
54
51
56
61
98
84
92
96
108
135
151
187
188
196
275
309
304
323
376
431
488
543
640
679
753
834
908
933
1107
1274
1351
1571
1735
1992
2283
2547
2902
3360
3773
4287
4551
4978
5572
5939
6628
7193
7969
8915
9995
11260
12965
15051
18487
24744
36538
57435
86140
193962
81624
54470
36261
25291
19208
15513
13254
11527
10148
9365
8278
7306
6462
5906
5256
4544
4205
3866
3476
3069
2598
2468
2345
2025
1895
1639
1473
1262
1173
1099
911
804
751
708
665
519
480
480
404
336
331
268
259
215
189
165
187
139
131
118
106
110
73
78
58
52
43
34
29
31
15
17
11
12
16
9
11
10
5
1
8
2
7
3
2
1
1
1
1
1
0
2
3
5
2
1
0
0
0
0
0
0
0
0
0
0
0
0
0
0
