0
0
0
0
0
0
0
0
0
0
0
0
0
0
0
0
0
0
0
0
0
0
0
0
0
0
0
1
2
0
0
1
1
3
2
2
1
1
5
3
4
2
4
9
12
9
7
13
18
21
26
29
51
39
46
60
52
68
82
114
126
171
172
222
256
341
336
408
489
548
628
749
836
1012
1296
1464
1681
2063
2317
2621
3078
3396
3934
4662
5270
5991
6501
7351
8212
9297
10251
11797
13236
15337
18110
22260
29743
40759
57268
77236
173861
75221
57263
41423
28831
21316
16843
14189
12801
11044
10061
9243
8131
7434
6623
5697
5181
4438
3898
3461
3013
2621
2387
2053
1829
1574
1479
1233
1042
932
797
652
546
444
331
294
220
186
196
155
129
129
101
89
76
70
54
42
44
34
24
23
22
11
13
15
6
7
6
6
4
8
3
0
4
4
1
3
3
1
0
0
0
0
0
0
0
0
0
0
0
0
0
0
0
0
0
0
0
0
0
0
0
0
0
0
0
0
0
0
0
