0
0
0
0
0
0
0
0
0
0
0
0
0
0
0
0
0
0
0
0
0
0
0
0
0
0
0
0
0
0
0
0
0
0
0
0
0
0
0
0
0
0
0
0
0
0
0
0
0
0
0
0
0
0
0
0
0
0
0
0
0
0
0
0
0
0
0
0
0
0
0
0
0
0
0
0
0
0
0
0
0
0
0
0
0
0
0
0
0
0
0
0
0
0
0
0
0
0
0
0
0
0
0
0
0
0
0
0
0
0
0
0
0
0
0
0
0
0
0
0
0
0
0
0
0
0
0
0
0
0
0
0
0
0
0
0
0
0
0
0
0
0
0
0
0
0
0
0
0
0
0
0
0
0
0
0
0
0
0
0
0
0
0
0
0
0
0
0
0
0
0
0
0
0
0
0
0
0
0
0
0
0
0
0
0
0
0
0
0
0
0
0
0
0
0
0
0
0
0
0
0
0
0
0
0
0
0
0
0
0
0
0
0
0
0
0
0
0
0
0
0
0
0
0
0
0
0
0
0
0
0
0
0
0
0
0
0
0
0
0
0
0
0
0
0
0
0
0
0
0
0
0
0
0
0
0
0
0
0
0
0
0
0
0
0
0
0
0
0
0
0
0
0
0
0
0
0
0
0
0
0
0
0
0
0
0
0
0
0
0
0
0
0
0
0
0
0
0
0
0
0
0
0
0
0
0
0
0
0
0
0
0
0
0
0
0
0
0
0
0
0
0
0
0
0
0
0
0
0
0
0
0
0
0
0
0
0
0
0
0
0
0
0
0
0
0
0
0
0
0
0
0
0
0
0
0
0
0
0
0
0
0
0
0
0
0
0
0
0
0
0
0
0
0
0
0
0
0
0
0
0
0
0
0
0
0
0
0
0
0
0
0
0
0
0
0
0
0
1
0
0
2
0
0
1
0
1
1
0
0
0
0
0
0
0
0
0
2
0
1
0
0
0
0
0
1
0
0
0
0
0
0
0
0
0
1
0
0
0
0
2
2
1
2
1
0
1
0
0
0
1
2
1
0
1
1
0
0
0
1
0
1
0
0
0
1
0
1
1
0
0
0
1
2
0
0
1
3
0
1
2
1
1
1
1
0
0
2
0
3
0
0
1
3
1
0
1
1
1
1
0
2
1
1
1
1
1
0
1
0
0
2
2
6
1
2
0
3
0
0
0
1
1
1
2
1
2
3
1
5
2
3
4
1
4
3
2
2
2
1
1
6
4
7
3
2
4
3
1
8
2
5
3
3
5
3
1
6
4
3
4
1
3
4
3
4
5
7
3
2
0
6
3
7
2
5
5
3
12
1
4
6
4
2
10
7
11
7
4
9
4
6
3
7
6
2
6
7
11
4
11
4
9
7
4
5
10
4
18
4
7
13
10
11
8
6
10
10
11
14
14
10
7
12
11
13
18
11
10
4
8
12
8
11
12
12
11
13
8
3
16
13
11
12
10
24
14
14
7
24
26
14
16
10
24
12
16
13
12
27
18
18
19
22
29
15
17
13
27
18
20
27
29
24
23
22
17
23
21
24
34
19
37
30
23
20
30
32
24
36
18
49
36
37
36
22
37
28
31
37
38
30
35
50
27
48
43
48
45
47
41
49
45
42
58
37
49
54
42
60
71
62
49
57
55
55
55
53
70
59
72
73
33
85
73
72
82
65
65
67
82
65
92
83
63
118
50
97
84
91
101
72
115
68
99
101
82
89
85
105
83
134
101
114
119
49
143
100
116
124
127
122
73
155
109
167
111
148
132
168
162
140
203
163
159
156
171
166
153
207
165
180
167
208
181
158
267
189
227
189
204
201
152
277
229
239
217
236
236
169
342
231
285
264
282
253
162
422
278
343
303
304
324
325
300
270
331
368
377
389
354
369
297
445
367
388
388
383
398
324
470
432
447
464
442
424
344
561
435
505
463
480
513
347
696
498
557
539
574
540
376
757
523
634
647
590
612
624
634
562
721
689
639
422
641
942
689
616
744
739
698
597
817
770
658
782
788
759
626
922
943
858
858
869
882
576
984
979
962
818
995
969
995
746
1151
1014
905
1094
1062
1066
774
1261
1107
1070
1063
1192
1183
817
1392
1244
1153
1184
1283
1282
1238
1038
1468
1329
1157
1500
1407
1331
1054
1729
1469
1505
1434
1524
1136
1960
1560
1797
1370
2048
1639
1863
1553
1959
1802
1335
2510
1917
2252
1616
2472
2134
2349
2130
2491
2350
2480
2462
2391
3023
2206
3490
2962
3217
3088
2908
4058
3480
4188
4032
4408
4408
4841
4234
4401
6316
5282
6683
6163
6865
6866
7474
5909
8749
9627
9633
10131
10287
10185
10681
12244
12147
9737
13876
11798
13623
97356
13853
11720
13780
9603
11780
11880
10006
9743
9823
9548
9288
9211
8507
5921
7385
6671
7023
6028
6552
5093
6189
4387
4003
4608
4381
4149
3946
3999
3445
3750
2910
2983
3111
2865
3302
2322
2902
2456
2405
2496
2358
2536
2031
2222
2113
2538
1651
2205
1776
2462
1336
1794
1989
1541
1756
1648
2033
1274
1743
1538
1975
1192
1620
1555
1610
1505
1711
1127
1456
1416
1509
1341
1366
1536
1125
1344
1300
1312
1244
1245
1248
1335
789
1146
1156
1090
1053
1167
1220
795
1018
1049
1102
897
950
1186
771
947
950
1001
883
909
988
998
632
826
855
762
873
909
925
567
766
797
829
651
814
833
517
742
713
706
672
682
846
585
433
682
616
692
544
604
631
593
615
557
618
523
716
369
488
503
496
485
497
642
312
473
465
455
447
412
558
277
423
404
406
417
423
500
344
344
328
366
359
356
407
299
290
345
333
325
325
349
281
273
294
311
304
271
361
246
349
143
289
271
255
279
239
309
162
245
247
219
265
236
278
178
219
235
189
195
184
220
152
192
183
197
210
158
249
154
160
179
191
181
161
192
144
164
157
142
139
180
181
129
181
88
121
134
145
173
106
189
94
133
116
127
119
91
142
90
87
103
114
100
76
119
72
86
115
94
118
46
121
77
96
110
67
107
79
83
109
74
87
82
93
41
69
75
90
76
51
67
63
64
64
46
63
54
76
35
50
42
44
59
40
50
36
46
37
51
41
41
58
25
53
37
40
37
36
32
37
50
16
31
29
30
39
31
30
30
29
33
25
35
34
32
11
30
34
26
40
27
23
26
23
27
21
27
22
32
16
31
18
24
22
18
18
18
18
21
9
16
16
22
13
14
18
14
19
15
15
13
20
13
12
10
14
21
9
12
13
10
22
12
15
12
14
10
10
12
9
13
7
13
9
11
9
8
13
13
15
7
9
4
10
12
7
9
4
7
5
9
11
8
10
5
3
5
7
11
7
8
9
5
7
3
3
6
12
4
3
7
5
7
6
10
9
8
4
4
5
2
3
7
5
3
4
2
2
5
6
10
2
3
2
0
5
6
2
4
5
6
2
1
4
9
5
4
5
2
3
3
4
0
1
1
2
6
2
0
1
3
2
1
4
3
0
0
1
1
1
3
0
1
0
0
0
4
4
3
0
0
2
0
5
0
1
0
2
0
1
2
0
0
2
2
1
3
0
3
2
0
3
0
1
1
1
1
1
0
2
1
1
2
1
0
0
0
0
0
1
0
1
0
1
1
0
1
0
1
1
0
0
0
0
1
1
0
1
1
1
0
1
0
2
0
0
1
1
0
0
0
0
0
0
1
0
0
0
0
1
1
0
0
0
0
4
2
0
1
0
0
0
1
1
0
0
1
1
0
0
2
1
1
0
1
0
0
0
0
0
0
0
0
0
0
0
0
0
0
0
0
0
0
0
0
0
0
0
0
0
0
0
0
0
0
0
0
0
0
0
0
0
0
0
0
0
0
0
0
0
0
0
0
0
0
0
0
0
0
0
0
0
0
0
0
0
0
0
0
0
0
0
0
0
0
0
0
0
0
0
0
0
0
0
0
0
0
0
0
0
0
0
0
0
0
0
0
0
0
0
0
0
0
0
0
0
0
0
0
0
0
0
0
0
0
0
0
0
0
0
0
0
0
0
0
0
0
0
0
0
0
0
0
0
0
0
0
0
0
0
0
0
0
0
0
0
0
0
0
0
0
0
0
0
0
0
0
0
0
0
0
0
0
0
0
0
0
0
0
0
0
0
0
0
0
0
0
0
0
0
0
0
0
0
0
0
0
0
0
0
0
0
0
0
0
0
0
0
0
0
0
0
0
0
0
0
0
0
0
0
0
0
0
0
0
0
0
0
0
0
0
0
0
0
0
0
0
0
0
0
0
0
0
0
0
0
0
0
0
0
0
0
0
0
0
0
0
0
0
0
0
0
0
0
0
0
0
0
0
0
0
0
0
0
0
0
0
0
0
0
0
0
0
0
0
0
0
0
0
0
0
0
0
0
0
0
0
0
0
0
0
0
0
0
0
0
0
0
0
0
0
0
0
0
0
0
0
0
0
0
0
0
0
0
0
0
0
0
0
0
0
0
0
0
0
0
0
0
0
0
0
0
0
0
0
0
0
0
0
0
0
0
0
0
0
0
0
0
0
0
0
0
0
0
0
0
0
0
0
0
0
0
0
0
0
0
0
0
0
0
0
0
0
0
0
0
0
0
0
0
0
0
0
0
0
0
0
0
0
0
0
0
0
0
0
0
0
0
0
0
0
0
0
0
0
0
0
0
0
0
0
0
0
0
0
0
0
